4 1
2 0 3 -1 -1 -1 -1 -1 300
0 0 0 30 0 1.009999 1.000000
0.000000 0.000000 0.000000
0.000000 0.000000 0.000000
0.000000 0.000000 0.000000


0 0 0 30 0 1.009999 1.000000
0.000000 0.000000 0.000000
0.000000 0.000000 0.000000
0.000000 0.000000 0.000000


2 0 3 -1 -1 -1 -1 -1 300
0 0 0 30 0 1.009999 1.000000
0.000000 0.000000 0.000000
0.000000 0.000000 0.000000
0.000000 0.000000 0.000000


0 0 0 30 0 1.009999 1.000000
0.000000 0.000000 0.000000
0.000000 0.000000 0.000000
0.000000 0.000000 0.000000


2 0 3 -1 -1 -1 -1 -1 300
0 0 0 30 0 1.009999 1.000000
0.000000 0.000000 0.000000
0.000000 0.000000 0.000000
0.000000 0.000000 0.000000


0 0 0 30 0 1.009999 1.000000
0.000000 0.000000 0.000000
0.000000 0.000000 0.000000
0.000000 0.000000 0.000000


2 0 3 -1 -1 -1 -1 -1 300
1 0 0 30 0 1.009999 1.000000
0.000000 0.000000 0.000000
0.000000 0.000000 0.000000
0.000000 0.000000 0.000000
0 0 0 0 0
0.000000 0.000000


1 0 0 30 0 1.009999 1.000000
0.000000 0.000000 0.000000
0.000000 0.000000 0.000000
0.000000 0.000000 0.000000
0 0 0 0 0
0.000000 0.000000


