7 15
6 0 3 -1 -1 -1 -1 -1 300
1 1 0 30 0 0.000000 1.000000
0.000000 0.000000 0.000000
-0.020000 0.000000 0.000000
0.120000 0.000000 0.000000
-0.050000 0.000000 0.000000
-0.290000 0.000000 -0.360000
0.490000 0.000000 0.200000
0.000000 0.000000 0.000000
0.000000 0.000000 0.340000
0.000000 0.000000 -0.400000
0.000000 0.000000 0.000000
0.210000 -0.140000 0.160000
-0.460000 0.000000 -0.070000
0.350000 0.010000 0.000000
-0.080000 0.000000 -0.170000
-0.300000 0.000000 0.150000
0.340000 0.000000 0.000000
0.000000 -1.700000 0.000000
0 0 0 0 0
0.000000 0.000000


1 1 0 45 0 0.000000 1.000000
0.000000 0.000000 0.000000
-0.020000 0.000000 0.000000
0.120000 0.000000 0.000000
-0.050000 0.000000 0.000000
-0.290000 0.000000 -0.360000
0.490000 0.000000 0.200000
0.000000 0.000000 0.000000
0.000000 0.000000 0.340000
0.000000 0.000000 -0.400000
0.000000 0.000000 0.000000
0.210000 -0.140000 0.160000
-0.460000 0.000000 -0.070000
0.350000 0.010000 0.000000
-0.080000 0.000000 -0.170000
-0.300000 0.000000 0.150000
0.340000 0.000000 0.000000
0.000000 -0.700000 0.000000
0 0 0 0 0
0.000000 0.000000


1 1 0 30 0 0.000000 1.000000
0.000000 0.000000 0.000000
-0.020000 0.000000 0.000000
0.120000 0.000000 0.000000
-0.050000 0.000000 0.000000
-0.290000 0.000000 -0.360000
0.490000 0.000000 0.200000
0.000000 0.000000 0.000000
0.000000 0.000000 0.340000
0.000000 0.000000 -0.400000
0.000000 0.000000 0.000000
0.210000 -0.140000 0.160000
-0.460000 0.000000 -0.070000
0.350000 0.010000 0.000000
-0.080000 0.000000 -0.170000
-0.300000 0.000000 0.150000
0.340000 0.000000 0.000000
0.000000 -1.700000 0.000000
0 0 0 0 0
0.000000 0.000000


1 1 0 30 0 0.000000 1.000000
0.000000 0.000000 0.000000
-0.070000 0.000000 0.000000
0.220000 0.000000 0.000000
-0.050000 0.000000 0.000000
-0.290000 0.000000 -0.360000
0.490000 0.000000 0.200000
0.000000 0.000000 0.000000
0.000000 0.000000 0.340000
0.000000 0.000000 -0.400000
0.000000 0.000000 0.000000
0.260000 -0.140000 0.160000
-0.610000 0.000000 -0.070000
0.400000 0.010000 0.000000
-0.030000 0.000000 -0.170000
-0.500000 0.000000 0.150000
0.390000 0.000000 0.000000
0.000000 -2.400000 0.000000
0 0 0 0 0
0.000000 0.000000


1 1 0 45 0 0.000000 1.000000
0.000000 0.000000 0.000000
-0.070000 0.000000 0.000000
0.220000 0.000000 0.000000
-0.050000 0.000000 0.000000
-0.290000 0.000000 -0.360000
0.490000 0.000000 0.200000
0.000000 0.000000 0.000000
0.000000 0.000000 0.340000
0.000000 0.000000 -0.400000
0.000000 0.000000 0.000000
0.260000 -0.140000 0.160000
-0.610000 0.000000 -0.070000
0.400000 0.010000 0.000000
-0.030000 0.000000 -0.170000
-0.500000 0.000000 0.150000
0.390000 0.000000 0.000000
0.000000 -3.399999 0.000000
0 0 0 0 0
0.000000 0.000000


1 1 0 30 0 0.000000 1.000000
0.000000 0.000000 0.000000
-0.070000 0.000000 0.000000
0.220000 0.000000 0.000000
-0.050000 0.000000 0.000000
-0.290000 0.000000 -0.360000
0.490000 0.000000 0.200000
0.000000 0.000000 0.000000
0.000000 0.000000 0.340000
0.000000 0.000000 -0.400000
0.000000 0.000000 0.000000
0.260000 -0.140000 0.160000
-0.610000 0.000000 -0.070000
0.400000 0.010000 0.000000
-0.030000 0.000000 -0.170000
-0.500000 0.000000 0.150000
0.390000 0.000000 0.000000
0.000000 -2.600000 0.000000
0 0 0 0 0
0.000000 0.000000


4 1 3 -1 -1 -1 -1 -1 300
0 1 0 13 1 1.009999 1.000000
0.000000 0.000000 0.000000
-0.570000 0.000000 0.000000
0.390000 0.000000 0.000000
0.520000 0.000000 0.000000
0.889999 0.000000 -0.160000
1.609999 0.000000 0.919999
0.290000 0.000000 0.000000
-0.839999 -0.290000 0.220000
1.869999 0.000000 0.000000
0.240000 0.000000 0.000000
1.009999 -0.140000 0.160000
-1.919999 0.000000 -0.070000
0.640000 0.010000 0.000000
-0.849999 0.000000 -0.170000
0.000000 0.000000 0.000000
-0.240000 0.000000 0.000000
0.000000 -7.199996 0.000000
0


0 1 0 18 0 1.009999 1.000000
0.000000 0.000000 0.000000
-0.570000 -0.090000 0.080000
0.390000 0.090000 -0.080000
0.420000 0.000000 0.000000
0.889999 0.000000 0.050000
1.609999 0.000000 0.919999
0.290000 0.000000 0.000000
-0.839999 -0.290000 0.220000
1.869999 0.000000 0.000000
0.240000 0.000000 0.000000
0.810000 -0.140000 0.160000
-0.310000 0.000000 -0.070000
-0.670000 0.010000 0.000000
-0.270000 0.000000 -0.170000
-1.039999 0.000000 0.000000
-0.240000 0.000000 0.000000
0.000000 0.700000 0.000000


0 1 0 13 1 1.009999 1.000000
0.000000 0.000000 0.000000
-0.570000 0.000000 0.000000
0.390000 0.000000 0.000000
0.520000 0.000000 0.000000
-0.839999 0.290000 -0.220000
1.869999 0.000000 0.000000
0.240000 0.000000 0.000000
0.889999 -0.000000 0.160000
1.609999 0.000000 -0.919999
0.290000 0.000000 0.000000
-0.849999 0.000000 -0.170000
0.000000 0.000000 0.000000
-0.240000 0.000000 0.000000
1.009999 -0.140000 0.160000
-1.919999 0.000000 -0.070000
0.640000 0.010000 0.000000
0.000000 -7.199996 0.000000
0


0 1 0 18 0 1.009999 1.000000
0.000000 0.000000 0.000000
-0.570000 0.090000 -0.080000
0.390000 -0.090000 0.080000
0.420000 0.000000 0.000000
-0.839999 0.290000 -0.220000
1.869999 0.000000 0.000000
0.240000 0.000000 0.000000
0.889999 -0.000000 -0.050000
1.609999 0.000000 -0.919999
0.290000 0.000000 0.000000
-0.270000 0.000000 -0.170000
-1.039999 0.000000 0.000000
-0.240000 0.000000 0.000000
0.810000 -0.140000 -0.160000
-0.310000 -0.000000 0.070000
-0.670000 0.010000 0.000000
0.000000 0.700000 0.000000


4 -1 3 -1 -1 -1 -1 -1 -1
1 1 1 10 0 0.310000 1.000000
0.000000 0.000000 0.000000
-0.670000 0.000000 0.000000
1.139999 0.000000 0.000000
0.450000 0.000000 0.000000
1.159999 0.000000 0.000000
0.620000 0.000000 0.230000
0.180000 0.000000 0.000000
1.159999 0.000000 0.000000
0.620000 0.000000 -0.230000
0.180000 0.000000 0.000000
0.780000 0.000000 0.200000
-2.369998 0.080000 0.010000
1.020000 0.110000 0.000000
0.780000 0.000000 -0.200000
-2.369998 -0.080000 0.010000
1.020000 -0.110000 0.000000
0.000000 -21.400045 0.000000
0 0 0 0 0
0.000000 0.000000


1 1 1 10 1 1.009999 1.000000
0.000000 6.999996 0.000000
-0.160000 0.000000 0.000000
-0.160000 0.000000 0.000000
0.450000 0.000000 0.000000
2.199998 0.000000 0.000000
0.620000 0.000000 0.230000
0.180000 0.000000 0.000000
2.199998 0.000000 0.000000
0.620000 0.000000 -0.230000
0.180000 0.000000 0.000000
-0.240000 0.000000 0.100000
0.000000 0.000000 0.000000
-0.430000 0.000000 0.000000
-0.240000 0.000000 -0.100000
0.000000 0.000000 0.000000
-0.430000 0.000000 0.000000
0.000000 -0.100000 0.000000
1
0 0 0 0 0
0.000000 0.000000


1 1 0 120 0 1.009999 1.000000
0.000000 0.000000 0.000000
0.250000 0.000000 0.000000
-0.460000 0.000000 0.000000
0.450000 0.000000 0.000000
2.199998 0.000000 0.000000
1.149999 0.000000 0.000000
0.180000 0.000000 0.000000
2.199998 0.000000 0.000000
1.149999 0.000000 0.000000
0.180000 0.000000 0.000000
0.780000 0.000000 0.200000
-2.369998 0.080000 0.010000
1.020000 0.110000 0.000000
0.780000 0.000000 -0.200000
-2.369998 -0.080000 0.010000
1.020000 -0.110000 0.000000
0.000000 -18.800035 0.000000
0 0 0 0 0
0.000000 0.000000


1 1 0 120 0 1.009999 1.000000
0.000000 0.000000 0.000000
0.250000 0.000000 0.000000
-0.460000 0.000000 0.000000
0.450000 0.000000 0.000000
2.199998 0.000000 0.000000
1.149999 0.000000 0.000000
0.180000 0.000000 0.000000
2.199998 0.000000 0.000000
1.149999 0.000000 0.000000
0.180000 0.000000 0.000000
0.780000 0.000000 0.200000
-2.369998 0.080000 0.010000
1.020000 0.110000 0.000000
0.780000 0.000000 -0.200000
-2.369998 -0.080000 0.010000
1.020000 -0.110000 0.000000
0.000000 -18.800035 0.000000
0 0 0 0 0
0.000000 0.000000


2 0 3 -1 -1 -1 -1 -1 300
1 1 0 3 1 0.310000 1.000000
0.000000 0.000000 0.000000
-0.670000 0.000000 0.000000
1.139999 0.000000 0.000000
0.450000 0.000000 0.000000
1.159999 0.000000 0.000000
0.620000 0.000000 0.230000
0.180000 0.000000 0.000000
1.159999 0.000000 0.000000
0.620000 0.000000 -0.230000
0.180000 0.000000 0.000000
0.780000 0.000000 0.200000
-2.369998 0.080000 0.010000
1.020000 0.110000 0.000000
0.780000 0.000000 -0.200000
-2.369998 -0.080000 0.010000
1.020000 -0.110000 0.000000
0.000000 -21.400045 0.000000
2
0 0 0 0 0
0.000000 0.000000


1 1 0 20 0 0.310000 1.000000
0.000000 0.000000 0.000000
-0.670000 0.000000 0.000000
1.139999 0.000000 0.000000
0.450000 0.000000 0.000000
1.159999 0.000000 0.000000
0.620000 0.000000 0.230000
0.180000 0.000000 0.000000
1.159999 0.000000 0.000000
0.620000 0.000000 -0.230000
0.180000 0.000000 0.000000
0.780000 0.000000 0.200000
-2.369998 0.080000 0.010000
1.020000 0.110000 0.000000
0.780000 0.000000 -0.200000
-2.369998 -0.080000 0.010000
1.020000 -0.110000 0.000000
0.000000 -21.400045 0.000000
0 0 0 0 0
0.000000 0.000000


2 -1 5 -1 -1 -1 -1 307 300
1 1 0 5 0 0.000000 0.300001
0.000000 3.099999 -3.999999
-0.700000 0.000000 0.000000
0.909999 0.000000 0.000000
-0.530000 0.000000 0.000000
0.000000 0.000000 -0.200000
0.000000 0.000000 0.000000
0.000000 0.000000 0.000000
-0.000000 -0.000000 0.200000
0.000000 0.000000 0.000000
0.000000 0.000000 0.000000
0.000000 0.000000 0.000000
0.000000 0.000000 0.000000
0.000000 0.000000 0.000000
0.000000 0.000000 0.000000
0.000000 0.000000 0.000000
0.000000 0.000000 0.000000
0.000000 3.099999 0.000000
0 0 0 0 0
0.000000 0.000000


1 1 0 60 0 0.000000 0.300001
0.000000 0.000000 0.000000
1.259999 0.000000 0.000000
-0.210000 0.000000 0.000000
0.530000 0.000000 0.000000
0.000000 0.590000 -0.550000
0.000000 0.000000 0.000000
0.000000 0.000000 0.000000
-0.000000 -0.590000 0.550000
0.000000 0.000000 0.000000
0.000000 0.000000 0.000000
0.000000 0.000000 0.140000
0.000000 0.000000 0.000000
0.000000 0.000000 0.000000
0.000000 -0.000000 -0.140000
0.000000 0.000000 0.000000
0.000000 0.000000 0.000000
0.000000 3.099999 0.000000
0 0 0 0 0
0.000000 0.000000


2 -1 3 -1 -1 -1 -1 -1 -1
1 1 0 15 0 0.000000 0.300001
0.000000 0.000000 0.000000
1.559999 0.000000 0.000000
-0.210000 0.000000 0.000000
0.100000 0.000000 0.000000
0.140000 0.590000 -0.490000
0.000000 0.000000 0.000000
0.000000 0.000000 0.000000
0.140000 -0.590000 0.490000
0.000000 0.000000 0.000000
0.000000 0.000000 0.000000
0.240000 0.000000 0.140000
-0.180000 0.000000 0.000000
0.000000 0.000000 0.000000
0.240000 0.000000 -0.140000
-0.180000 0.000000 0.000000
0.000000 0.000000 0.000000
0.000000 -36.400017 0.000000
0 0 0 0 0
0.000000 0.000000


1 1 0 60 0 0.000000 0.300001
0.000000 0.000000 0.000000
1.559999 0.000000 0.000000
-0.210000 0.000000 0.000000
0.100000 0.000000 0.000000
0.140000 0.590000 -0.490000
0.000000 0.000000 0.000000
0.000000 0.000000 0.000000
0.140000 -0.590000 0.490000
0.000000 0.000000 0.000000
0.000000 0.000000 0.000000
0.240000 0.000000 0.140000
-0.180000 0.000000 0.000000
0.000000 0.000000 0.000000
0.240000 0.000000 -0.140000
-0.180000 0.000000 0.000000
0.000000 0.000000 0.000000
0.000000 -36.400017 0.000000
0 0 0 0 0
0.000000 0.000000


4 6 3 -1 -1 -1 -1 300 300
0 0 1 10 0 -0.000000 1.000000
0.000000 0.000000 0.000000
0.250000 0.000000 0.000000
-0.460000 0.000000 0.000000
0.450000 0.000000 0.000000
2.199998 0.000000 0.000000
1.149999 0.000000 0.000000
0.180000 0.000000 0.000000
2.199998 0.000000 0.000000
1.149999 0.000000 0.000000
0.180000 0.000000 0.000000
0.780000 0.000000 0.200000
-2.369998 0.080000 0.010000
1.020000 0.110000 0.000000
0.780000 0.000000 -0.200000
-2.369998 -0.080000 0.010000
1.020000 -0.110000 0.000000
0.000000 -18.800035 0.000000


0 0 1 3 0 0.010000 1.000000
0.000000 0.000000 0.000000
0.220000 0.000000 0.000000
-0.460000 0.000000 0.000000
0.450000 0.000000 0.000000
2.199998 0.000000 0.000000
1.149999 0.000000 0.000000
0.180000 0.000000 0.000000
2.199998 0.000000 0.000000
1.149999 0.000000 0.000000
0.180000 0.000000 0.000000
0.780000 0.000000 0.200000
-2.369998 0.080000 0.010000
1.020000 0.110000 0.000000
0.780000 0.000000 -0.200000
-2.369998 -0.080000 0.010000
1.020000 -0.110000 0.000000
0.000000 -18.800035 0.000000


0 0 1 10 0 -0.000000 1.000000
0.000000 0.000000 0.000000
0.250000 0.000000 0.000000
-0.460000 0.000000 0.000000
0.450000 0.000000 0.000000
2.759997 0.000000 0.000000
0.000000 0.000000 0.000000
0.180000 0.000000 0.000000
2.759997 0.000000 0.000000
0.000000 0.000000 0.000000
0.180000 0.000000 0.000000
0.190000 0.000000 0.200000
0.000000 0.000000 0.000000
-0.359999 0.110000 -0.000000
0.190000 0.000000 -0.200000
0.000000 0.000000 0.000000
-0.359999 -0.110000 0.000000
0.000000 1.300000 -10.900005


0 0 1 3 0 -0.000000 1.000000
0.000000 0.000000 0.000000
0.280000 0.000000 0.000000
-0.460000 0.000000 0.000000
0.450000 0.000000 0.000000
2.759997 0.000000 0.000000
0.000000 0.000000 0.000000
0.180000 0.000000 0.000000
2.759997 0.000000 0.000000
0.000000 0.000000 0.000000
0.180000 0.000000 0.000000
0.190000 0.000000 0.200000
0.000000 0.000000 0.000000
-0.359999 0.110000 -0.000000
0.190000 0.000000 -0.200000
0.000000 0.000000 0.000000
-0.359999 -0.110000 0.000000
0.000000 1.300000 -10.900005


