6 15
2 0 999 0 0 0 3
-15.000000 0.000000 0.000000

0 0 0 0 0 0 -1 -1
40.000000 0.000000 1.000000 1.000000
0.000000 0.000000 1.000000
0.000000 0.000000 0.000000
0.000000 -0.500000 -0.000000

0.030000 0.000000 0.000000
-0.090000 0.000000 0.000000
0.030000 0.000000 0.000000
0.000000 -0.030000 0.570000
0.000000 -0.130000 0.560000
0.000000 -0.220000 0.160000
0.000000 -0.030000 -0.570000
0.000000 0.130000 -0.560000
0.000000 0.130000 -0.160000
0.130000 0.000000 -0.190000
-0.130000 -0.030000 0.060000
0.030000 0.000000 0.060000
0.130000 0.000000 0.190000
-0.130000 0.030000 -0.060000
0.030000 0.000000 -0.060000

0 0 0 0 0 0 -1 -1
40.000000 0.000000 1.000000 1.000000
0.000000 0.000000 1.000000
0.000000 0.000000 0.000000
0.000000 0.500000 -1.500000

-0.030000 0.000000 0.000000
0.030000 0.000000 0.000000
-0.090000 0.000000 0.000000
-0.030000 0.190000 0.540000
0.000000 -0.130000 0.590000
0.000000 -0.220000 -0.030000
0.030000 -0.190000 -0.540000
0.000000 0.130000 -0.590000
0.000000 0.130000 0.030000
0.060000 0.000000 -0.190000
-0.060000 -0.030000 0.060000
-0.060000 0.000000 0.060000
0.060000 0.000000 0.190000
-0.060000 0.030000 -0.060000
-0.060000 0.000000 -0.060000


4 0 100 1 0 0 3
0.000000 0.000000 0.000000

0 0 0 0 0 0 -1 -1
10.000000 0.000000 1.000000 1.000000
0.000000 0.000000 1.000000
0.000000 0.000000 0.000000
0.000000 1.000000 -1.600000

-0.140000 -0.080000 0.000000
-0.140000 -0.080000 0.000000
0.080000 0.095000 0.000000
0.000000 -0.190000 0.455000
0.250000 0.000000 0.615000
0.000000 -0.815000 0.000000
-0.155000 -0.095000 -0.455000
0.000000 0.000000 -0.595000
-0.000000 0.455000 -0.175000
-0.125000 0.000000 0.000000
-0.265000 0.000000 0.000000
-0.250000 0.000000 0.000000
0.145000 0.000000 0.000000
-0.395000 0.000000 0.000000
0.080000 0.000000 0.000000

0 0 0 0 0 0 -1 -1
12.000000 0.000000 1.000000 1.000000
0.000000 0.000000 1.000000
0.000000 0.000000 0.000000
0.000000 -1.000001 0.000000

-0.140000 -0.080000 0.000000
-0.140000 -0.140000 0.000000
0.080000 0.095000 0.000000
0.000000 -0.235000 0.455000
0.345000 -0.030000 0.615000
0.000000 -0.815000 0.125000
-0.285000 -0.235000 -0.455000
-0.065000 0.000000 -0.595000
-0.000000 0.345000 -0.175000
-0.250000 0.000000 0.000000
-0.560000 0.000000 0.000000
-0.250000 0.000000 0.000000
0.425000 0.000000 0.000000
-0.175000 0.000000 0.000000
-0.220000 0.000000 0.000000

0 0 0 0 0 0 -1 -1
10.000000 0.000000 1.000000 1.000000
0.000000 0.000000 1.000000
0.000000 0.000000 0.000000
0.000000 1.000000 -1.600000

-0.140000 0.080000 0.000000
-0.140000 0.080000 0.000000
0.080000 -0.095000 0.000000
-0.155000 0.095000 0.455000
0.000000 0.000000 0.595000
-0.000000 -0.455000 0.175000
0.000000 0.190000 -0.455000
0.250000 0.000000 -0.615000
0.000000 0.815000 0.000000
0.145000 0.000000 0.000000
-0.395000 0.000000 0.000000
0.080000 0.000000 0.000000
-0.125000 0.000000 0.000000
-0.265000 0.000000 0.000000
-0.250000 0.000000 0.000000

0 0 0 0 0 0 -1 -1
12.000000 0.000000 1.000000 1.000000
0.000000 0.000000 1.000000
0.000000 0.000000 0.000000
0.000000 -1.000001 0.000000

-0.140000 0.080000 0.000000
-0.140000 0.140000 0.000000
0.080000 -0.095000 0.000000
-0.285000 0.235000 0.455000
-0.065000 0.000000 0.595000
-0.000000 -0.345000 0.175000
0.000000 0.235000 -0.455000
0.345000 0.030000 -0.615000
0.000000 0.815000 -0.125000
0.425000 0.000000 0.000000
-0.175000 0.000000 0.000000
-0.220000 0.000000 0.000000
-0.250000 0.000000 0.000000
-0.550000 0.000000 0.000000
-0.250000 0.000000 0.000000


4 0 999 2 0 0 3
5.000000 0.000000 -1.000000

0 0 0 0 0 0 -1 -1
8.000000 0.000000 1.000000 0.800000
0.000000 0.000000 1.000000
0.000000 0.000000 0.000000
0.000000 1.000000 -1.600000

-0.280000 -0.160000 0.000000
-0.280000 -0.160000 0.000000
0.160000 0.190000 0.000000
0.000000 -0.380000 0.030000
0.500000 0.000000 1.230000
0.000000 -1.630000 0.000000
-0.310000 -0.190000 -0.030000
0.000000 0.000000 -1.190000
-0.000000 0.910000 -0.350000
-0.250000 0.000000 0.000000
-0.530000 0.000000 0.000000
-0.500000 0.000000 0.000000
0.290000 0.000000 0.000000
-0.790000 0.000000 0.000000
0.160000 0.000000 0.000000

0 0 0 0 0 0 -1 -1
10.000000 0.000000 1.000000 1.000000
0.000000 0.000000 1.000000
0.000000 0.000000 0.000000
0.000000 -3.000000 0.000000

-0.280000 -0.160000 0.000000
-0.280000 -0.280000 0.000000
0.160000 0.190000 0.000000
0.000000 -0.470000 0.030000
0.690000 -0.060000 1.230000
0.000000 -1.630000 0.250000
-0.570000 -0.470000 -0.030000
-0.130000 0.000000 -1.190000
-0.000000 0.690000 -0.350000
-0.500000 0.000000 0.000000
-1.100000 0.000000 0.000000
-0.500000 0.000000 0.000000
0.850000 0.000000 0.000000
-0.350000 0.000000 0.000000
-0.440000 0.000000 0.000000

0 0 0 0 0 0 -1 -1
8.000000 0.000000 1.000000 0.800000
0.000000 0.000000 1.000000
0.000000 0.000000 0.000000
0.000000 1.000000 -1.600000

-0.280000 0.160000 0.000000
-0.280000 0.160000 0.000000
0.160000 -0.190000 0.000000
-0.310000 0.190000 0.030000
0.000000 0.000000 1.190000
-0.000000 -0.910000 0.350000
0.000000 0.380000 -0.030000
0.500000 0.000000 -1.230000
0.000000 1.630000 0.000000
0.290000 0.000000 0.000000
-0.790000 0.000000 0.000000
0.160000 0.000000 0.000000
-0.250000 0.000000 0.000000
-0.530000 0.000000 0.000000
-0.500000 0.000000 0.000000

0 0 0 0 0 0 -1 -1
10.000000 0.000000 1.000000 1.000000
0.000000 0.000000 1.000000
0.000000 0.000000 0.000000
0.000000 -3.000000 0.000000

-0.280000 0.160000 0.000000
-0.280000 0.280000 0.000000
0.160000 -0.190000 0.000000
-0.570000 0.470000 0.030000
-0.130000 0.000000 1.190000
-0.000000 -0.690000 0.350000
0.000000 0.470000 -0.030000
0.690000 0.060000 -1.230000
0.000000 1.630000 -0.250000
0.850000 0.000000 0.000000
-0.350000 0.000000 0.000000
-0.440000 0.000000 0.000000
-0.500000 0.000000 0.000000
-1.100000 0.000000 0.000000
-0.500000 0.000000 0.000000


4 5 60 0 0 0 3
0.000000 10.000000 7.000000

1 0 10 0 10 0 -1 -1
3.000000 5.000000 1.000000 1.000000
0.000000 0.000000 1.000000
0.000000 0.000000 0.000000
0.000000 -10.600004 0.000000

-0.260000 0.000000 0.000000
-0.150000 0.000000 0.000000
-0.200000 0.000000 0.000000
-0.959999 0.300000 0.710000
0.000000 -0.250000 0.000000
0.000000 -0.460000 0.000000
-0.959999 0.310000 -0.710000
0.000000 0.250000 0.000000
0.000000 0.460000 0.000000
1.229999 0.110000 -0.250000
-1.360000 0.000000 0.000000
0.320000 0.000000 0.000000
0.859999 -0.110000 0.250000
-2.019999 0.000000 0.000000
0.859999 0.000000 0.000000

0 0 10 0 10 0 -1 -1
3.000000 5.000000 1.000000 1.000000
0.000000 0.000000 1.000000
0.000000 0.000000 0.000000
0.000000 -24.300056 0.000000

-0.110000 0.000000 0.000000
-0.879999 0.000000 0.000000
0.420000 0.000000 0.000000
-1.819998 0.300000 -0.779999
-0.200000 -0.110000 -0.919999
0.090000 0.560000 -0.080000
-1.659999 -0.310000 1.019999
0.000000 0.110000 0.720000
0.030000 0.240000 0.170000
1.329999 0.410000 -0.250000
-2.409999 0.000000 0.000000
0.810000 -0.240000 -0.010000
0.829999 0.070000 0.250000
-2.389999 0.000000 0.000000
0.719999 0.000000 0.000000

1 0 10 0 10 0 -1 -1
8.000000 5.000000 1.000000 1.000000
0.000000 0.000000 1.000000
0.000000 0.000000 0.000000
0.000000 -24.300056 0.000000

-0.250000 0.000000 0.000000
-0.879999 0.000000 0.000000
0.420000 0.000000 0.000000
-1.819998 0.300000 -0.779999
-0.200000 -0.110000 -0.919999
0.090000 0.560000 -0.080000
-1.659999 -0.310000 1.019999
0.000000 0.110000 0.720000
0.030000 0.240000 0.170000
1.329999 0.410000 -0.250000
-2.409999 0.000000 0.000000
0.810000 -0.240000 -0.010000
0.829999 0.070000 0.250000
-2.389999 0.000000 0.000000
0.719999 0.000000 0.000000

1 0 10 0 10 0 -1 -1
8.000000 5.000000 1.000000 1.000000
0.000000 0.000000 1.000000
0.000000 0.000000 0.000000
0.000000 -24.300056 0.000000

0.150000 0.000000 0.000000
-1.169999 0.000000 0.000000
0.420000 0.000000 0.000000
-1.819998 0.300000 -0.779999
-0.200000 -0.110000 -0.919999
0.090000 0.560000 -0.080000
-1.659999 -0.310000 1.019999
0.000000 0.110000 0.720000
0.030000 0.240000 0.170000
1.329999 0.410000 -0.250000
-2.409999 0.000000 0.000000
0.810000 -0.240000 -0.010000
0.829999 0.070000 0.250000
-2.389999 0.000000 0.000000
0.719999 0.000000 0.000000


3 12 115 -1 0 0 3
1.000000 0.000000 0.000000

1 0 10 0 10 0 -1 -1
3.000000 5.000000 1.000000 1.000000
0.000000 0.000000 1.000000
0.000000 0.000000 0.000000
0.000000 -23.000051 0.000000

-0.260000 0.000000 0.000000
-0.150000 0.000000 0.000000
-0.200000 0.000000 0.000000
-0.959999 0.300000 0.710000
0.000000 -0.250000 0.000000
0.000000 -0.460000 0.000000
-0.959999 0.310000 -0.710000
0.000000 0.250000 0.000000
0.000000 0.460000 0.000000
1.309999 0.110000 -0.250000
-2.409999 0.000000 0.000000
0.950000 0.000000 0.000000
1.309999 -0.110000 0.250000
-2.409999 0.000000 0.000000
1.309999 0.000000 0.000000

1 0 10 0 10 0 -1 -1
15.000000 5.000000 1.000000 1.000000
0.000000 0.000000 1.000000
0.000000 8.499997 0.000000
0.000000 1.600000 0.000000

-0.200000 0.000000 0.000000
0.190000 0.000000 0.000000
0.200000 0.000000 0.000000
0.010000 -0.909999 -0.710000
0.010000 0.000000 -0.200000
0.000000 0.000000 -0.460000
0.000000 0.909999 0.710000
0.000000 0.000000 0.200000
0.000000 0.000000 0.460000
0.200000 0.200000 -0.050000
-0.460000 0.000000 0.000000
-0.250000 0.000000 0.000000
0.200000 -0.200000 0.060000
-0.460000 0.000000 0.000000
-0.250000 0.000000 0.000000

0 0 10 0 10 0 -1 -1
80.000000 5.000000 1.000000 1.000000
0.000000 0.000000 1.000000
0.000000 0.000000 0.000000
0.000000 1.600000 0.000000

0.000000 0.000000 0.000000
0.190000 0.000000 0.000000
0.200000 0.000000 0.000000
0.010000 -0.909999 -0.710000
0.010000 0.000000 -0.200000
0.000000 0.000000 -0.460000
0.000000 0.909999 0.710000
0.000000 0.000000 0.200000
0.000000 0.000000 0.460000
0.200000 0.200000 -0.050000
-0.460000 0.000000 0.000000
-0.250000 0.000000 0.000000
0.200000 -0.200000 0.060000
-0.460000 0.000000 0.000000
-0.250000 0.000000 0.000000


3 10 70 0 0 0 3
0.000000 0.000000 0.000000

5 0 10 0 10 1 -1 -1
2.000000 5.000000 1.000000 1.000000
0.000000 0.000000 1.000000
0.000000 0.000000 0.000001
0.000000 -12.400011 0.000000

-0.939999 0.000000 0.000000
-0.280000 0.000000 0.000000
0.560000 0.000000 0.000000
0.000000 -0.360000 0.000000
0.000000 -0.200000 0.000000
0.000000 -0.250000 0.000000
0.000000 0.360000 0.000000
0.000000 0.200000 0.000000
0.000000 0.250000 0.000000
2.089998 0.000000 0.000000
-1.629999 0.000000 0.000000
0.500000 0.000000 0.000000
0.550000 0.000000 0.000000
-0.640000 0.000000 0.000000
-0.899999 0.000000 0.000000

2 0 10 0 10 0 -1 -1
15.000000 5.000000 1.000000 0.300001
0.000000 0.000000 1.000000
0.000000 0.000000 12.000010
0.000000 -18.200033 0.000000

-0.939999 0.000000 0.000000
-0.460000 0.000000 0.000000
1.009999 0.000000 0.000000
0.000000 -0.360000 0.000000
0.000000 -0.200000 0.000000
0.000000 -0.250000 0.000000
0.000000 0.360000 0.000000
0.000000 0.200000 0.000000
0.000000 0.250000 0.000000
2.209998 0.000000 0.000000
-2.099998 0.000000 0.000000
0.670000 0.000000 0.000000
0.140000 0.000000 0.000000
-0.480000 0.000000 0.000000
-0.889999 0.000000 0.000000

0 0 10 0 10 0 -1 -1
15.000000 5.000000 1.000000 2.009999
0.000000 0.000000 1.000000
0.000000 0.000000 0.000000
0.000000 -12.400011 0.000000

-0.939999 0.000000 0.000000
-0.280000 0.000000 0.000000
0.560000 0.000000 0.000000
0.000000 -0.360000 0.000000
0.000000 -0.200000 0.000000
0.000000 -0.250000 0.000000
0.000000 0.360000 0.000000
0.000000 0.200000 0.000000
0.000000 0.250000 0.000000
2.089998 0.000000 0.000000
-1.629999 0.000000 0.000000
0.500000 0.000000 0.000000
0.550000 0.000000 0.000000
-0.640000 0.000000 0.000000
-0.899999 0.000000 0.000000


