15

data\MODEL\NPC\0200_npcbodyD000.x
data\MODEL\NPC\0201_npcbodyU000.x
data\MODEL\NPC\0202_npchead000.x
data\MODEL\NPC\0203_npcarmUR000.x
data\MODEL\NPC\0204_npcarmDR000.x
data\MODEL\NPC\0205_npchandR000.x
data\MODEL\NPC\0206_npcarmUL000.x
data\MODEL\NPC\0207_npcarmDL000.x
data\MODEL\NPC\0208_npchandL000.x
data\MODEL\NPC\0209_npclegUR000.x
data\MODEL\NPC\0210_npclegDR000.x
data\MODEL\NPC\0211_npcfootR000.x
data\MODEL\NPC\0212_npclegUL000.x
data\MODEL\NPC\0213_npclegDL000.x
data\MODEL\NPC\0214_npcfootL000.x

-1
0.00 25.00 0.00
0.00 0.00 0.00

0
0.00 7.50 0.00
0.00 0.00 0.00

1
0.00 13.00 0.00
0.00 0.00 0.00

1
-8.50 9.50 0.00
0.00 0.00 0.00

3
-10.50 0.00 0.00
0.00 0.00 0.00

4
-10.50 0.00 0.00
0.00 0.00 0.00

1
8.50 9.50 0.00
0.00 0.00 0.00

6
10.50 0.00 0.00
0.00 0.00 0.00

7
10.50 0.00 0.00
0.00 0.00 0.00

0
-3.00 -0.50 0.00
0.00 0.00 0.00

9
0.00 -10.50 0.00
0.00 0.00 0.00

10
0.00 -10.50 0.00
0.00 0.00 0.00

0
3.00 -0.50 0.00
0.00 0.00 0.00

12
0.00 -10.50 0.00
0.00 0.00 0.00

13
0.00 -10.50 0.00
0.00 0.00 0.00



2


1

2


60

0.00 -0.50 0.00
-0.03 0.00 0.00

0.00 0.00 0.00
-0.09 0.00 0.00

0.00 0.00 0.00
0.03 0.00 0.00

0.00 0.00 0.00
0.00 -0.03 1.14

0.00 0.00 0.00
0.00 -0.13 0.06

0.00 0.00 0.00
0.00 -0.22 0.03

0.00 0.00 0.00
0.00 -0.03 -1.14

0.00 0.00 0.00
0.00 0.13 -0.06

0.00 0.00 0.00
0.00 0.13 -0.03

0.00 0.00 0.00
0.13 0.00 -0.19

0.00 0.00 0.00
-0.13 -0.03 0.06

0.00 0.00 0.00
0.03 0.00 0.06

0.00 0.00 0.00
0.13 0.00 0.19

0.00 0.00 0.00
-0.13 0.03 -0.06

0.00 0.00 0.00
0.03 0.00 -0.06

60

0.00 -0.50 -1.50
-0.03 0.00 0.00

0.00 0.00 0.00
0.04 0.00 0.00

0.00 0.00 0.00
0.03 0.00 0.00

0.00 0.00 0.00
0.00 -0.03 0.82

0.00 0.00 0.00
0.00 -0.13 0.06

0.00 0.00 0.00
0.00 -0.22 0.03

0.00 0.00 0.00
0.00 -0.03 -0.82

0.00 0.00 0.00
0.00 0.13 -0.06

0.00 0.00 0.00
0.00 0.13 -0.03

0.00 0.00 0.00
0.13 0.00 -0.19

0.00 0.00 0.00
-0.13 -0.03 0.06

0.00 0.00 0.00
0.03 0.00 0.06

0.00 0.00 0.00
0.13 0.00 0.19

0.00 0.00 0.00
-0.13 0.03 -0.06

0.00 0.00 0.00
0.03 0.00 -0.06


1

4


8

0.00 1.00 -1.60
-0.28 -0.16 0.00

0.00 0.00 0.00
-0.28 -0.16 0.00

0.00 0.00 0.00
0.16 0.19 0.00

0.00 0.00 0.00
0.00 -0.38 0.03

0.00 0.00 0.00
0.50 0.00 1.23

0.00 0.00 0.00
0.00 -1.63 0.00

0.00 0.00 0.00
-0.31 -0.19 -0.03

0.00 0.00 0.00
0.00 0.00 -1.19

0.00 0.50 0.00
-0.00 0.91 -0.35

0.00 0.00 0.00
-0.25 0.00 0.00

0.00 0.00 0.00
-0.53 0.00 0.00

0.00 0.00 0.00
0.50 0.00 0.00

0.00 0.00 0.00
1.29 0.00 0.00

0.00 0.00 0.00
-0.79 0.00 0.00

0.00 0.00 0.00
0.16 0.00 0.00

10

0.00 -3.00 0.00
-0.28 -0.16 0.00

0.00 0.00 0.00
-0.28 -0.28 0.00

0.00 0.00 0.00
0.16 0.19 0.00

0.00 0.00 0.00
0.00 -0.47 0.03

0.00 0.00 0.00
0.69 -0.06 1.23

0.00 0.00 0.00
0.00 -1.63 0.25

0.00 0.50 0.00
-0.57 -0.47 -0.03

0.00 0.00 0.00
-0.13 0.00 -1.19

0.00 0.50 0.00
-0.00 0.69 -0.35

0.00 0.00 0.00
-0.50 0.00 0.00

0.00 0.00 0.00
-1.10 0.00 0.00

0.00 0.00 0.00
-0.50 0.00 0.00

0.00 0.00 0.00
0.85 0.00 0.00

0.00 0.00 0.00
-0.35 0.00 0.00

0.00 0.00 0.00
-0.44 0.00 0.00

8

0.00 1.00 -1.60
-0.28 0.16 0.00

0.00 0.00 0.00
-0.28 0.16 0.00

0.00 0.00 0.00
0.16 -0.19 0.00

0.00 0.00 0.00
-0.31 0.19 0.03

0.00 0.00 0.00
0.00 0.00 1.19

0.00 0.00 0.00
-0.00 -0.91 0.35

0.00 0.00 0.00
0.00 0.38 -0.03

0.00 0.00 0.00
0.50 0.00 -1.23

0.00 0.00 0.00
0.00 1.63 0.00

0.00 0.00 0.00
1.29 0.00 0.00

0.00 0.00 0.00
-0.79 0.00 0.00

0.00 0.00 0.00
0.16 0.00 0.00

0.00 0.00 0.00
-0.25 0.00 0.00

0.00 0.00 0.00
-0.53 0.00 0.00

0.00 0.00 0.00
-0.50 0.00 0.00

10

0.00 -3.00 0.00
-0.28 0.16 0.00

0.00 0.00 0.00
-0.28 0.28 0.00

0.00 0.00 0.00
0.16 -0.19 0.00

0.00 0.00 0.00
-0.57 0.47 0.03

0.00 0.00 0.00
-0.13 0.00 1.19

0.00 0.00 0.00
-0.00 -0.69 0.35

0.00 0.00 0.00
0.00 0.47 -0.03

0.00 0.50 0.00
0.69 0.06 -1.23

0.00 0.00 0.00
0.00 1.63 -0.25

0.00 0.50 0.00
0.85 0.00 0.00

0.00 0.00 0.00
-0.35 0.00 0.00

0.00 0.00 0.00
-0.44 0.00 0.00

0.00 0.00 0.00
-0.50 0.00 0.00

0.00 0.00 0.00
-1.10 0.00 0.00

0.00 0.00 0.00
-0.50 0.00 0.00
