19

-3240.0 0.0 3240.0
0.0 0.0 0.0
12 0 12
270 0 270

0.0 0.0 3240.0
0.0 0.0 0.0
12 0 12
270 0 270

3240.0 0.0 3240.0
0.0 0.0 0.0
12 0 12
270 0 270

-3240.0 0.0 0.0
0.0 0.0 0.0
12 0 12
270 0 270

0.0 0.0 0.0
0.0 0.0 0.0
12 0 12
270 0 270

3240.0 0.0 0.0
0.0 0.0 0.0
12 0 12
270 0 270

-3240.0 0.0 -3240.0
0.0 0.0 0.0
12 0 12
270 0 270

0.0 0.0 -3240.0
0.0 0.0 0.0
12 0 12
270 0 270

3240.0 0.0 -3240.0
0.0 0.0 0.0
12 0 12
270 0 270


0.0 0.0 -6480.0
0.0 0.0 0.0
60 0 12
270 0 270

0.0 0.0 6480.0
0.0 0.0 0.0
60 0 12
270 0 270

-6480.0 0.0 0.0
0.0 0.0 0.0
12 0 36
270 0 270

6480.0 0.0 0.0
0.0 0.0 0.0
12 0 36
270 0 270


4855.0 99.5 0.0
0.0 0.0 0.0
1 0 36
10 0 270

-4855.0 99.5 0.0
0.0 0.0 0.0
1 0 36
10 0 270

0.0 99.5 4855.0
0.0 0.0 0.0
36 0 1
270 0 10

0.0 99.5 -4855.0
0.0 0.0 0.0
36 0 1
270 0 10

0.0 0.0 0.0
0.0 0.0 0.0
1 0 1
1500 0 800

45.0 30.0 100.0
0.0 0.0 0.0
1 0 1
220 0 220