20 21
6 0 3 -1 -1 -1 -1 -1 300
0 1 0 30 0 0.000000 1.000000
0.000000 0.000000 0.000000
0.000000 0.660000 0.000000
-0.090000 -0.250000 0.000000
0.020000 -0.250000 0.000000
-0.060000 0.000000 0.000000
-0.380000 0.060000 -0.390000
0.000000 0.050000 0.160000
-0.130000 0.250000 0.010000
0.000000 0.000000 0.000000
0.000000 0.000000 0.000000
0.160000 0.000000 0.270000
0.000000 0.000000 -0.100000
0.000000 0.000000 0.000000
0.000000 0.000000 0.000000
0.000000 0.000000 0.000000
0.390000 -0.420000 0.290000
-0.590000 0.000000 0.000000
0.180000 0.000000 0.000000
0.110000 -0.120000 -0.290000
-0.380000 0.000000 0.000000
0.180000 0.000000 0.000000
-1.579999 0.000000 0.000000
0.000000 -3.099999 0.000000


0 1 0 20 0 0.000000 1.000000
0.000000 0.000000 0.000000
0.000000 0.660000 0.000000
-0.090000 -0.250000 0.000000
0.020000 -0.250000 0.000000
-0.060000 0.000000 0.000000
-0.380000 0.060000 -0.390000
0.000000 0.050000 0.160000
-0.130000 0.250000 0.010000
0.000000 0.000000 0.000000
0.000000 0.000000 0.000000
0.160000 0.000000 0.270000
0.000000 0.000000 -0.100000
0.000000 0.000000 0.000000
0.000000 0.000000 0.000000
0.000000 0.000000 0.000000
0.390000 -0.420000 0.290000
-0.590000 0.000000 0.000000
0.180000 0.000000 0.000000
0.110000 -0.120000 -0.290000
-0.380000 0.000000 0.000000
0.180000 0.000000 0.000000
-1.579999 0.000000 0.000000
0.000000 -3.599999 0.000000


0 1 0 60 0 0.000000 1.000000
0.000000 0.000000 0.000000
-0.050000 0.660000 0.000000
-0.140000 -0.250000 0.000000
0.000000 -0.250000 -0.050000
0.050000 0.000000 0.000000
-0.430000 0.000000 -0.350000
0.000000 0.300000 0.180000
-0.130000 0.310000 0.010000
0.000000 0.100000 0.000000
0.000000 0.000000 0.000000
0.180000 0.000000 0.400000
0.000000 -0.410000 -0.320000
0.000000 0.000000 0.000000
0.000000 0.000000 0.000000
0.000000 0.000000 0.000000
0.700000 -0.420000 0.290000
-0.840000 0.000000 0.000000
0.150000 0.000000 0.000000
0.400000 -0.120000 -0.350000
-0.929999 0.000000 0.000000
0.500000 0.000000 0.240000
-1.579999 0.000000 0.000000
0.000000 -7.299995 0.000000


0 1 0 30 0 0.000000 1.000000
0.000000 0.000000 0.000000
-0.050000 0.660000 0.000000
-0.140000 -0.250000 0.000000
0.000000 -0.250000 -0.050000
0.050000 0.000000 0.000000
-0.430000 0.000000 -0.350000
0.000000 0.300000 0.180000
-0.130000 0.310000 0.010000
0.000000 0.100000 0.000000
0.000000 0.000000 0.000000
0.180000 0.000000 0.400000
0.000000 -0.410000 -0.320000
0.000000 0.000000 0.000000
0.000000 0.000000 0.000000
0.000000 0.000000 0.000000
0.700000 -0.420000 0.290000
-0.840000 0.000000 0.000000
0.150000 0.000000 0.000000
0.400000 -0.120000 -0.350000
-0.929999 0.000000 0.000000
0.500000 0.000000 0.240000
-1.579999 0.000000 0.000000
0.000000 -7.799995 0.000000


0 1 0 20 0 0.000000 1.000000
0.000000 0.000000 0.000000
-0.050000 0.660000 0.000000
-0.140000 -0.250000 0.000000
0.000000 -0.250000 -0.050000
0.050000 0.000000 0.000000
-0.430000 0.000000 -0.350000
0.000000 0.300000 0.180000
-0.130000 0.310000 0.010000
0.000000 0.100000 0.000000
0.000000 0.000000 0.000000
0.180000 0.000000 0.400000
0.000000 -0.410000 -0.320000
0.000000 0.000000 0.000000
0.000000 0.000000 0.000000
0.000000 0.000000 0.000000
0.700000 -0.420000 0.290000
-0.840000 0.000000 0.000000
0.150000 0.000000 0.000000
0.400000 -0.120000 -0.350000
-0.929999 0.000000 0.000000
0.500000 0.000000 0.240000
-1.579999 0.000000 0.000000
0.000000 -7.299995 0.000000


0 1 0 60 0 0.000000 1.000000
0.000000 0.000000 0.000000
0.000000 0.660000 0.000000
-0.090000 -0.250000 0.000000
0.020000 -0.250000 0.000000
-0.060000 0.000000 0.000000
-0.380000 0.060000 -0.390000
0.000000 0.050000 0.160000
-0.130000 0.250000 0.010000
0.000000 0.000000 0.000000
0.000000 0.000000 0.000000
0.160000 0.000000 0.270000
0.000000 0.000000 -0.100000
0.000000 0.000000 0.000000
0.000000 0.000000 0.000000
0.000000 0.000000 0.000000
0.390000 -0.420000 0.290000
-0.590000 0.000000 0.000000
0.180000 0.000000 0.000000
0.110000 -0.120000 -0.290000
-0.380000 0.000000 0.000000
0.180000 0.000000 0.000000
-1.579999 0.000000 0.000000
0.000000 -3.599999 0.000000


6 1 3 -1 -1 -1 1 -1 300
0 0 0 5 0 1.009999 1.009999
0.000000 0.000000 -0.000000
-0.510000 0.000000 0.000000
0.010000 0.030000 0.000000
0.160000 0.130000 0.000000
0.100000 -0.160000 0.000000
-0.380000 0.650000 -0.690000
0.000000 0.050000 0.160000
-0.130000 0.250000 0.010000
0.000000 0.000000 0.000000
0.000000 0.000000 0.000000
0.420000 0.000000 0.270000
1.499999 0.420000 0.000000
0.280000 0.000000 -0.470000
0.000000 0.000000 0.000000
0.000000 0.000000 0.000000
-0.200000 0.160000 0.060000
-0.180000 0.000000 0.000000
-0.510000 0.000000 0.000000
1.519999 0.060000 -0.100000
-2.099999 0.000000 0.000000
0.370000 0.000000 0.000000
-1.579999 0.000000 0.000000
0.000000 -10.900005 0.000000


0 0 0 12 0 1.009999 1.000000
0.000000 0.000000 0.000000
-0.560000 0.000000 0.000000
0.010000 0.000000 0.000000
0.160000 0.080000 0.000000
0.100000 -0.090000 0.000000
-0.380000 0.650000 -0.690000
0.000000 0.050000 0.160000
-0.130000 0.250000 0.010000
0.000000 0.000000 0.000000
0.000000 0.000000 0.000000
0.040000 0.000000 0.410000
1.199999 0.420000 0.000000
0.280000 0.000000 -0.470000
0.000000 0.000000 0.000000
0.000000 0.000000 0.000000
0.000000 -0.000000 0.050000
-0.660000 0.000000 0.000000
-0.340000 0.000000 0.000000
1.359999 0.060000 -0.050000
-0.909999 0.000000 0.000000
-0.410000 0.000000 0.000000
-1.579999 0.000000 0.000000
0.000000 -7.099996 0.000000


0 0 0 4 0 1.009999 1.000000
0.000000 0.000000 0.000000
-0.510000 0.000000 0.000000
0.010000 0.000000 0.000000
0.160000 0.000000 0.000000
0.100000 0.000000 0.000000
-0.380000 0.650000 -0.690000
0.000000 0.050000 0.160000
-0.130000 0.250000 0.010000
0.000000 0.000000 0.000000
0.000000 0.000000 0.000000
0.040000 -0.250000 0.410000
1.199999 0.420000 0.000000
0.280000 0.000000 -0.470000
0.000000 0.000000 0.000000
0.000000 0.000000 0.000000
-0.020000 -0.000000 0.070000
-0.980000 0.000000 0.000000
0.010000 0.000000 0.000000
1.339999 0.090000 0.010000
-1.359999 0.000000 0.000000
0.600000 0.000000 0.000000
-1.579999 0.000000 0.000000
0.000000 -10.900005 0.000000


0 0 0 5 0 1.009999 1.009999
0.000000 0.000000 -0.000000
-0.510000 0.000000 0.000000
0.010000 -0.030000 0.000000
0.160000 -0.140000 0.000000
0.100000 0.160000 0.000000
-0.380000 0.650000 -0.690000
0.000000 0.050000 0.160000
-0.130000 0.250000 0.010000
0.000000 0.000000 0.000000
0.000000 0.000000 0.000000
-0.190000 -0.250000 0.690000
0.640000 0.210000 0.000000
0.140000 0.000000 -0.235000
0.000000 0.000000 0.000000
0.000000 0.000000 0.000000
1.519999 -0.060000 0.100000
-2.099999 0.000000 0.000000
0.370000 0.000000 0.000000
-0.200000 0.160000 -0.060000
-0.180000 0.000000 0.000000
-0.510000 0.000000 0.000000
-1.579999 0.000000 0.000000
0.000000 -10.900005 0.000000


0 0 0 12 0 1.009999 1.000000
0.000000 0.000000 0.000000
-0.560000 0.000000 0.000000
0.010000 0.000000 0.000000
0.160000 -0.090000 0.000000
0.100000 0.090000 0.000000
-0.380000 0.650000 -0.690000
0.000000 0.050000 0.160000
-0.130000 0.250000 0.010000
0.000000 0.000000 0.000000
0.000000 0.000000 0.000000
-0.230000 -0.125000 0.345000
0.370000 0.210000 0.000000
0.140000 0.000000 -0.235000
0.000000 0.000000 0.000000
0.000000 0.000000 0.000000
1.359999 -0.060000 0.050000
-0.909999 0.000000 0.000000
-0.410000 0.000000 0.000000
0.000000 -0.000000 -0.050000
-0.660000 0.000000 0.000000
-0.340000 0.000000 0.000000
-1.579999 0.000000 0.000000
0.000000 -7.099996 0.000000


0 0 0 4 0 1.009999 1.000000
0.000000 0.000000 0.000000
-0.510000 0.000000 0.000000
0.010000 0.000000 0.000000
0.160000 0.000000 0.000000
0.100000 0.000000 0.000000
-0.380000 0.650000 -0.690000
0.000000 0.050000 0.160000
-0.130000 0.250000 0.010000
0.000000 0.000000 0.000000
0.000000 0.000000 0.000000
0.040000 -0.250000 0.410000
1.199999 0.420000 0.000000
0.280000 0.000000 -0.470000
0.000000 0.000000 0.000000
0.000000 0.000000 0.000000
1.339999 -0.090000 0.000000
-1.359999 0.000000 0.000000
0.600000 0.000000 0.000000
-0.020000 -0.000000 -0.070000
-0.980000 0.000000 0.000000
0.010000 0.000000 0.000000
-1.579999 0.000000 0.000000
0.000000 -10.900005 0.000000


3 0 3 -1 -1 -1 -1 9 300
0 1 0 8 0 0.310000 1.000000
0.000000 0.000000 0.000000
-0.050000 0.000000 0.000000
-0.150000 0.000000 0.000000
-0.310000 0.000000 -0.050000
0.410000 0.000000 0.000000
-0.180000 0.000000 -0.650000
0.540000 0.300000 0.180000
-0.130000 0.310000 0.010000
0.000000 0.100000 0.000000
0.000000 0.000000 0.000000
1.049999 0.000000 0.520000
0.000000 0.000000 -0.550000
0.000000 0.000000 -0.240000
0.000000 0.000000 0.000000
0.000000 0.000000 0.000000
0.200000 -0.130000 0.220000
-1.109999 0.140000 0.000000
0.600000 0.000000 -0.050000
0.760000 0.250000 -0.080000
-1.129999 -0.060000 -0.090000
0.440000 0.000000 0.320000
-1.579999 0.000000 0.000000
0.000000 -9.299999 0.000000


0 1 0 10 0 1.009999 1.009999
0.000000 5.099999 0.000000
-0.350000 0.000000 0.000000
0.010000 0.000000 0.000000
0.160000 0.010000 0.000000
0.100000 0.000000 0.000000
-0.380000 0.650000 -0.690000
0.000000 0.050000 0.160000
-0.130000 0.250000 0.010000
0.000000 0.000000 0.000000
0.000000 0.000000 0.000000
-0.190000 -0.250000 0.690000
0.640000 0.210000 0.000000
0.140000 0.000000 -0.235000
0.000000 0.000000 0.000000
0.000000 0.000000 0.000000
1.519999 -0.060000 0.100000
-2.099999 0.000000 0.000000
0.370000 0.000000 0.000000
-0.200000 0.160000 -0.060000
-0.180000 0.000000 0.000000
-0.510000 0.000000 0.000000
-1.579999 0.000000 0.000000
0.000000 -10.900005 0.000000


0 0 0 20 0 1.009999 1.009999
0.000000 0.000000 -0.000000
-0.350000 0.000000 0.000000
0.010000 0.000000 0.000000
0.160000 0.010000 0.000000
0.100000 0.000000 0.000000
-0.380000 0.650000 -0.690000
0.000000 0.050000 0.160000
-0.130000 0.250000 0.010000
0.000000 0.000000 0.000000
0.000000 0.000000 0.000000
-0.190000 -0.250000 0.690000
0.640000 0.210000 0.000000
0.140000 0.000000 -0.235000
0.000000 0.000000 0.000000
0.000000 0.000000 0.000000
1.519999 -0.060000 0.100000
-2.099999 0.000000 0.000000
0.370000 0.000000 0.000000
-0.200000 0.160000 -0.060000
-0.180000 0.000000 0.000000
-0.510000 0.000000 0.000000
-1.579999 0.000000 0.000000
0.000000 -10.900005 0.000000


2 0 3 -1 -1 -1 -1 4 300
0 1 0 3 0 0.000000 1.000000
0.000000 0.000000 0.000000
-0.050000 0.000000 0.000000
-0.150000 0.000000 0.000000
-0.310000 0.000000 -0.050000
0.410000 0.000000 0.000000
-0.180000 0.000000 -0.650000
0.540000 0.300000 0.180000
-0.130000 0.310000 0.010000
0.000000 0.100000 0.000000
0.000000 0.000000 0.000000
1.049999 0.000000 0.520000
0.000000 0.000000 -0.550000
0.000000 0.000000 -0.240000
0.000000 0.000000 0.000000
0.000000 0.000000 0.000000
0.200000 -0.130000 0.220000
-1.109999 0.140000 0.000000
0.600000 0.000000 -0.050000
0.760000 0.250000 -0.080000
-1.129999 -0.060000 -0.090000
0.440000 0.000000 0.320000
-1.579999 0.000000 0.000000
0.000000 -9.299999 0.000000


0 1 0 25 0 0.000000 1.000000
0.000000 0.000000 0.000000
-0.050000 0.000000 0.000000
-0.150000 0.000000 0.000000
-0.310000 0.000000 -0.050000
0.410000 0.000000 0.000000
-0.180000 0.000000 -0.650000
0.540000 0.300000 0.180000
-0.130000 0.310000 0.010000
0.000000 0.100000 0.000000
0.000000 0.000000 0.000000
1.049999 0.000000 0.520000
0.000000 0.000000 -0.550000
0.000000 0.000000 -0.240000
0.000000 0.000000 0.000000
0.000000 0.000000 0.000000
0.200000 -0.130000 0.220000
-1.109999 0.140000 0.000000
0.600000 0.000000 -0.050000
0.760000 0.250000 -0.080000
-1.129999 -0.060000 -0.090000
0.440000 0.000000 0.320000
-1.579999 0.000000 0.000000
0.000000 -9.299999 0.000000


2 -1 3 -1 -1 -1 -1 -1 300
0 0 0 15 0 1.009999 1.009999
0.000000 0.000000 -0.000000
0.010000 0.000000 0.000000
-0.010000 -0.000000 0.000000
-0.160000 0.010000 0.000000
-0.100000 0.000000 0.000000
-0.380000 0.650000 -0.690000
0.000000 0.050000 0.160000
-0.130000 0.250000 0.010000
0.000000 0.000000 0.000000
0.000000 0.000000 0.000000
-0.190000 -0.250000 0.690000
0.640000 0.210000 0.000000
0.140000 0.000000 -0.235000
0.000000 0.000000 0.000000
0.000000 0.000000 0.000000
0.000000 -0.060000 0.100000
-0.400000 0.000000 0.000000
-0.510000 0.000000 0.000000
0.200000 0.160000 -0.060000
-0.180000 0.000000 0.000000
-0.510000 0.000000 0.000000
-1.579999 0.000000 0.000000
0.000000 4.199998 0.000000


0 0 0 15 0 1.009999 1.009999
0.000000 0.000000 -0.000000
0.010000 0.000000 0.000000
-0.010000 -0.000000 0.000000
-0.160000 0.010000 0.000000
-0.100000 0.000000 0.000000
-0.380000 0.650000 -0.690000
0.000000 0.050000 0.160000
-0.130000 0.250000 0.010000
0.000000 0.000000 0.000000
0.000000 0.000000 0.000000
-0.190000 -0.250000 0.690000
0.640000 0.210000 0.000000
0.140000 0.000000 -0.235000
0.000000 0.000000 0.000000
0.000000 0.000000 0.000000
0.000000 -0.060000 0.100000
-0.400000 0.000000 0.000000
-0.510000 0.000000 0.000000
0.200000 0.160000 -0.060000
-0.180000 0.000000 0.000000
-0.510000 0.000000 0.000000
-1.579999 0.000000 0.000000
0.000000 4.199998 0.000000


4 0 3 -1 -1 5 31 30 300
0 0 0 3 1 0.010000 3.009997
0.000000 0.000000 -0.000000
-0.460000 0.000000 0.000000
-0.110000 0.000000 0.000000
-0.110000 0.010000 0.000000
-0.160000 0.000000 0.000000
-0.190000 0.465000 -0.595000
0.430000 0.220000 0.160000
-0.150000 0.080000 0.010000
-0.060000 0.090000 0.000000
0.000000 0.000000 0.000000
-0.190000 -0.250000 0.690000
0.640000 0.210000 0.000000
0.140000 0.000000 -0.235000
0.000000 0.000000 0.000000
0.000000 0.000000 0.000000
1.259999 -0.060000 0.240000
-2.289999 0.000000 0.200000
0.370000 0.000000 0.000000
1.809999 0.160000 -0.060000
-2.199998 0.000000 0.000000
0.380000 0.000000 0.000000
-1.579999 0.000000 0.000000
0.000000 -19.100037 0.000000
0


0 1 0 3 0 0.010000 -0.000000
0.000000 0.000000 10.000003
-0.660000 0.000000 0.000000
-0.060000 0.000000 0.000000
-0.060000 0.010000 0.000000
0.300000 0.000000 0.000000
-0.380000 0.930000 -1.190000
0.860000 0.440000 0.320000
-0.150000 0.080000 0.010000
-0.060000 0.090000 0.000000
0.000000 0.000000 0.000000
-0.190000 -0.250000 0.690000
0.640000 0.210000 0.000000
0.140000 0.000000 -0.235000
0.000000 0.000000 0.000000
0.000000 0.000000 0.000000
1.519999 -0.060000 0.100000
-2.099999 0.000000 0.000000
0.370000 0.000000 0.000000
-0.200000 0.160000 -0.060000
-0.180000 0.000000 0.000000
-0.510000 0.000000 0.000000
-1.579999 0.000000 0.000000
0.000000 -15.500023 0.000000


0 0 0 6 0 0.010000 0.000000
0.000000 0.000000 -0.000000
-0.660000 0.000000 0.000000
-0.060000 0.000000 0.000000
-0.060000 0.010000 0.000000
0.300000 0.000000 0.000000
-0.380000 0.930000 -1.190000
0.860000 0.440000 0.320000
-0.150000 0.080000 0.010000
-0.060000 0.090000 0.000000
0.000000 0.000000 0.000000
-0.190000 -0.250000 0.690000
0.640000 0.210000 0.000000
0.140000 0.000000 -0.235000
0.000000 0.000000 0.000000
0.000000 0.000000 0.000000
1.519999 -0.060000 0.100000
-2.099999 0.000000 0.000000
0.370000 0.000000 0.000000
-0.200000 0.160000 -0.060000
-0.180000 0.000000 0.000000
-0.510000 0.000000 0.000000
-1.579999 0.000000 0.000000
0.000000 -15.000021 0.000000


0 0 0 15 0 -0.000000 1.009999
0.000000 0.000000 -0.000000
0.010000 0.000000 0.000000
-0.010000 -0.000000 0.000000
-0.160000 0.010000 0.000000
-0.100000 0.000000 0.000000
-0.380000 0.650000 -0.690000
0.000000 0.050000 0.160000
-0.130000 0.250000 0.010000
0.000000 0.000000 0.000000
0.000000 0.000000 0.000000
-0.190000 -0.250000 0.690000
0.640000 0.210000 0.000000
0.140000 0.000000 -0.235000
0.000000 0.000000 0.000000
0.000000 0.000000 0.000000
0.000000 -0.060000 0.100000
-0.400000 0.000000 0.000000
-0.510000 0.000000 0.000000
0.200000 0.160000 -0.060000
-0.180000 0.000000 0.000000
-0.510000 0.000000 0.000000
-1.579999 0.000000 0.000000
0.000000 15.000021 0.000000


4 0 3 -1 -1 5 31 30 300
0 0 2 3 1 0.010000 3.009997
0.000000 0.000000 -0.000000
-0.460000 0.000000 0.000000
-0.110000 0.000000 0.000000
-0.110000 0.010000 0.000000
-0.160000 0.000000 0.000000
-0.190000 0.465000 -0.595000
0.430000 0.220000 0.160000
-0.150000 0.080000 0.010000
-0.060000 0.090000 0.000000
0.000000 0.000000 0.000000
-0.190000 -0.250000 0.690000
0.640000 0.210000 0.000000
0.140000 0.000000 -0.235000
0.000000 0.000000 0.000000
0.000000 0.000000 0.000000
1.259999 -0.060000 0.240000
-2.289999 0.000000 0.200000
0.370000 0.000000 0.000000
1.809999 0.160000 -0.060000
-2.199998 0.000000 0.000000
0.380000 0.000000 0.000000
-1.579999 0.000000 0.000000
0.000000 -19.100037 0.000000
0


0 1 2 3 0 0.010000 -0.000000
0.000000 0.000000 10.000003
-0.660000 0.000000 0.000000
-0.060000 0.000000 0.000000
-0.060000 0.010000 0.000000
0.300000 0.000000 0.000000
-0.380000 0.930000 -1.190000
0.860000 0.440000 0.320000
-0.150000 0.080000 0.010000
-0.060000 0.090000 0.000000
0.000000 0.000000 0.000000
-0.190000 -0.250000 0.690000
0.640000 0.210000 0.000000
0.140000 0.000000 -0.235000
0.000000 0.000000 0.000000
0.000000 0.000000 0.000000
1.519999 -0.060000 0.100000
-2.099999 0.000000 0.000000
0.370000 0.000000 0.000000
-0.200000 0.160000 -0.060000
-0.180000 0.000000 0.000000
-0.510000 0.000000 0.000000
-1.579999 0.000000 0.000000
0.000000 -15.500023 0.000000


0 0 2 6 0 0.010000 0.000000
0.000000 0.000000 -0.000000
-0.660000 0.000000 0.000000
-0.060000 0.000000 0.000000
-0.060000 0.010000 0.000000
0.300000 0.000000 0.000000
-0.380000 0.930000 -1.190000
0.860000 0.440000 0.320000
-0.150000 0.080000 0.010000
-0.060000 0.090000 0.000000
0.000000 0.000000 0.000000
-0.190000 -0.250000 0.690000
0.640000 0.210000 0.000000
0.140000 0.000000 -0.235000
0.000000 0.000000 0.000000
0.000000 0.000000 0.000000
1.519999 -0.060000 0.100000
-2.099999 0.000000 0.000000
0.370000 0.000000 0.000000
-0.200000 0.160000 -0.060000
-0.180000 0.000000 0.000000
-0.510000 0.000000 0.000000
-1.579999 0.000000 0.000000
0.000000 -15.000021 0.000000


0 0 0 15 0 0.010000 1.009999
0.000000 0.000000 -0.000000
0.010000 0.000000 0.000000
-0.010000 -0.000000 0.000000
-0.160000 0.010000 0.000000
-0.100000 0.000000 0.000000
-0.380000 0.650000 -0.690000
0.000000 0.050000 0.160000
-0.130000 0.250000 0.010000
0.000000 0.000000 0.000000
0.000000 0.000000 0.000000
-0.190000 -0.250000 0.690000
0.640000 0.210000 0.000000
0.140000 0.000000 -0.235000
0.000000 0.000000 0.000000
0.000000 0.000000 0.000000
0.000000 -0.060000 0.100000
-0.400000 0.000000 0.000000
-0.510000 0.000000 0.000000
0.200000 0.160000 -0.060000
-0.180000 0.000000 0.000000
-0.510000 0.000000 0.000000
-1.579999 0.000000 0.000000
0.000000 15.000021 0.000000


5 -1 3 -1 -1 -1 -1 25 300
0 0 0 3 0 0.000000 3.009998
0.000000 0.000000 0.000000
0.000000 0.660000 0.000000
-0.090000 -0.250000 0.000000
0.020000 -0.250000 0.000000
-0.060000 0.000000 0.000000
0.000000 0.000000 -0.210000
1.269999 0.000000 0.000000
0.000000 0.000000 -0.270000
0.000000 0.000000 0.000000
0.000000 0.000000 0.000000
-0.270000 1.129999 1.919999
0.000000 0.000000 1.699999
0.000000 0.000000 0.000000
0.000000 0.000000 1.049999
0.000000 0.000000 0.000000
0.390000 -0.420000 0.290000
-0.590000 0.000000 0.000000
0.180000 0.000000 0.000000
0.110000 -0.120000 -0.290000
-0.380000 0.000000 0.000000
0.180000 0.000000 0.000000
-1.419999 0.000000 0.000000
0.000000 -3.599999 0.000000


0 0 0 5 0 0.000000 1.000000
0.000000 0.000000 0.000000
-0.060000 0.660000 -0.020000
-0.090000 -0.250000 0.000000
0.020000 -0.250000 0.000000
-0.060000 0.000000 0.000000
0.080000 0.320000 -0.740000
1.369999 -0.210000 -0.140000
0.000000 0.000000 -0.270000
0.000000 0.000000 0.000000
0.000000 0.000000 0.000000
-0.650000 1.129999 1.539999
0.000000 0.000000 1.699999
0.000000 0.000000 0.000000
0.000000 0.000000 1.049999
0.000000 0.000000 0.000000
0.560000 -0.420000 0.290000
-0.760000 0.000000 0.000000
0.180000 0.000000 0.000000
-0.090000 -0.120000 -0.290000
-0.380000 0.000000 0.000000
0.180000 0.000000 0.000000
-1.419999 0.000000 0.000000
0.000000 -3.599999 5.099998


0 0 0 5 0 0.000000 1.000000
0.000000 0.000000 0.000000
-0.110000 0.660000 -0.050000
-0.070000 -0.250000 0.000000
0.040000 -0.250000 0.000000
-0.030000 0.000000 0.000000
0.080000 0.320000 -0.740000
1.369999 -0.210000 -0.140000
0.000000 0.000000 -0.270000
0.000000 0.000000 0.000000
0.000000 0.000000 0.000000
-0.650000 1.129999 1.539999
0.000000 0.000000 1.699999
0.000000 0.000000 0.000000
0.000000 0.000000 1.049999
0.000000 0.000000 0.000000
1.080000 -0.420000 0.290000
-1.220000 0.000000 0.000000
0.180000 0.000000 0.000000
-0.090000 -0.470000 -0.290000
-0.780000 0.000000 0.000000
0.680000 0.000000 0.190000
-1.419999 0.000000 0.000000
0.000000 -9.900002 0.800001


0 0 0 30 0 0.000000 1.000000
0.000000 0.000000 0.000000
-0.110000 0.660000 -0.050000
-0.070000 -0.250000 0.000000
0.040000 -0.250000 0.000000
-0.030000 0.000000 0.000000
0.080000 0.320000 -0.740000
1.369999 -0.210000 -0.140000
0.000000 0.000000 -0.270000
0.000000 0.000000 0.000000
0.000000 0.000000 0.000000
-0.650000 1.129999 1.539999
0.000000 0.000000 1.699999
0.000000 0.000000 0.000000
0.000000 0.000000 1.049999
0.000000 0.000000 0.000000
1.080000 -0.420000 0.290000
-1.220000 0.000000 0.000000
0.180000 0.000000 0.000000
-0.090000 -0.470000 -0.290000
-0.780000 0.000000 0.000000
0.680000 0.000000 0.190000
-1.419999 0.000000 0.000000
0.000000 -9.900002 0.800001


1 0 0 30 0 0.000000 1.000000
0.000000 0.000000 0.000000
-0.110000 0.660000 -0.050000
-0.070000 -0.250000 0.000000
0.040000 -0.250000 0.000000
-0.030000 0.000000 0.000000
0.080000 0.320000 -0.740000
1.369999 -0.210000 -0.140000
0.000000 0.000000 -0.270000
0.000000 0.000000 0.000000
0.000000 0.000000 0.000000
-0.650000 1.129999 1.539999
0.000000 0.000000 1.699999
0.000000 0.000000 0.000000
0.000000 0.000000 1.049999
0.000000 0.000000 0.000000
1.080000 -0.420000 0.290000
-1.220000 0.000000 0.000000
0.180000 0.000000 0.000000
-0.090000 -0.470000 -0.290000
-0.780000 0.000000 0.000000
0.680000 0.000000 0.190000
-1.419999 0.000000 0.000000
0.000000 -9.900002 0.800001
0 0 0 0 0
0.000000 0.000000


4 0 3 -1 -1 -1 -1 37 300
0 0 2 2 0 0.000000 1.000000
0.000000 0.000000 0.000000
-0.110000 0.000000 -0.050000
-0.200000 -0.160000 0.000000
-0.110000 -0.210000 0.000000
0.060000 0.160000 0.000000
0.000000 -1.364999 -1.914999
0.640000 -0.770000 0.000000
0.000000 0.210000 0.000000
0.000000 0.000000 0.000000
0.000000 0.000000 0.000000
-0.120000 -0.690000 0.580000
1.909999 0.000000 -0.370000
0.000000 0.000000 0.000000
0.000000 0.000000 1.049999
0.000000 0.000000 0.000000
1.080000 -0.050000 0.360000
-1.220000 0.000000 0.000000
0.180000 0.000000 0.000000
-0.090000 -0.000000 -0.290000
-0.780000 0.000000 0.000000
0.680000 0.000000 0.190000
-1.419999 0.000000 0.000000
0.000000 -9.900002 0.800001


0 0 0 3 0 0.000000 1.000000
0.000000 0.000000 0.000000
-0.110000 0.100000 -0.050000
0.000000 0.000000 -0.030000
0.000000 0.150000 -0.020000
0.060000 -0.150000 0.000000
-3.053188 0.000000 -0.830000
0.430000 -2.879998 -0.110000
-0.780000 0.210000 0.000000
0.000000 0.000000 0.000000
0.000000 0.000000 0.000000
-0.120000 -0.690000 0.580000
1.909999 0.000000 -0.370000
0.000000 0.000000 0.000000
0.000000 0.000000 0.000000
0.000000 0.000000 0.000000
1.080000 -0.050000 0.360000
-1.220000 0.000000 0.000000
0.180000 0.000000 0.000000
-0.090000 -0.000000 -0.290000
-0.780000 0.000000 0.000000
0.680000 0.000000 0.190000
-1.839999 0.000000 0.000000
0.000000 -9.900002 0.800001


0 0 0 5 0 0.000000 1.000000
0.000000 0.000000 0.000000
-0.080000 0.190000 -0.050000
0.000000 0.050000 -0.030000
0.000000 0.150000 -0.020000
0.060000 -0.150000 0.000000
-3.053188 0.000000 -0.830000
0.430000 -2.879998 -0.110000
-0.780000 0.210000 0.000000
0.000000 0.000000 0.000000
0.000000 0.000000 0.000000
-0.120000 -0.690000 0.580000
1.909999 0.000000 -0.370000
0.000000 0.000000 0.000000
0.000000 0.000000 0.000000
0.000000 0.000000 0.000000
1.080000 -0.050000 0.360000
-1.220000 0.000000 0.000000
0.180000 0.000000 0.000000
-0.090000 -0.000000 -0.290000
-0.780000 0.000000 0.000000
0.680000 0.000000 0.190000
-1.839999 0.000000 0.000000
0.000000 -9.900002 0.800001


0 0 0 30 0 0.000000 1.000000
0.000000 0.000000 0.000000
-0.080000 0.190000 -0.050000
0.000000 0.050000 -0.030000
0.000000 0.150000 -0.020000
0.060000 -0.150000 0.000000
-3.053188 0.000000 -0.830000
0.430000 -2.879998 -0.110000
-0.780000 0.210000 0.000000
0.000000 0.000000 0.000000
0.000000 0.000000 0.000000
-0.120000 -0.690000 0.580000
1.909999 0.000000 -0.370000
0.000000 0.000000 0.000000
0.000000 0.000000 0.000000
0.000000 0.000000 0.000000
1.080000 -0.050000 0.360000
-1.220000 0.000000 0.000000
0.180000 0.000000 0.000000
-0.090000 -0.000000 -0.290000
-0.780000 0.000000 0.000000
0.680000 0.000000 0.190000
-1.839999 0.000000 0.000000
0.000000 -9.900002 0.800001


4 0 3 -1 -1 -1 -1 300 300
0 1 0 3 0 0.000000 0.300001
0.000000 0.000000 -4.999998
0.220000 0.000000 0.000000
-0.050000 0.000000 0.000000
-0.050000 0.000000 0.000000
-0.110000 0.000000 0.000000
-0.380000 0.060000 -0.390000
0.000000 0.050000 0.160000
-0.130000 0.250000 0.010000
0.000000 0.000000 0.000000
0.000000 0.000000 0.000000
0.160000 0.000000 0.270000
0.000000 0.000000 -0.100000
0.000000 0.000000 0.000000
0.000000 0.000000 0.000000
0.000000 0.000000 0.000000
0.390000 0.010000 0.290000
-0.590000 0.000000 0.000000
0.180000 0.000000 0.000000
0.110000 0.000000 -0.290000
-0.380000 0.000000 0.000000
0.180000 0.000000 0.000000
-1.579999 0.000000 0.000000
0.000000 -3.099999 0.000000


0 1 0 15 0 0.000000 0.300001
0.000000 0.000000 0.000000
0.220000 0.000000 0.000000
-0.310000 0.130000 0.000000
-0.260000 0.200000 0.000000
-0.290000 0.140000 0.000000
0.000000 1.019999 -0.750000
0.849999 0.000000 0.000000
-0.130000 -0.530000 0.010000
0.000000 0.000000 0.000000
0.000000 0.000000 0.000000
0.160000 0.510000 0.570000
0.869999 0.000000 -0.100000
0.000000 0.000000 0.000000
0.000000 0.000000 0.000000
0.000000 0.000000 0.000000
0.340000 0.230000 0.090000
-0.590000 0.000000 0.000000
0.180000 0.000000 0.000000
-0.320000 0.340000 -0.290000
-0.130000 0.000000 0.000000
0.180000 0.000000 0.000000
-1.579999 0.000000 0.000000
0.000000 -3.099999 0.000000


0 1 0 5 0 0.000000 0.300001
0.000000 0.000000 0.000000
0.060000 0.110000 0.000000
-0.360000 0.310000 0.000000
-0.310000 0.310000 0.000000
-0.340000 0.310000 0.000000
0.000000 1.019999 -0.750000
0.849999 0.000000 0.000000
-0.130000 -0.530000 0.010000
0.000000 0.000000 0.000000
0.000000 0.000000 0.000000
0.160000 0.510000 0.570000
0.869999 0.000000 -0.100000
0.000000 0.000000 0.000000
0.000000 0.000000 0.000000
0.000000 0.000000 0.000000
1.049999 0.230000 0.220000
-1.329999 0.000000 0.000000
0.160000 0.000000 0.000000
-0.320000 0.340000 -0.450000
-0.899999 0.000000 0.000000
0.700000 0.000000 0.260000
-1.579999 0.000000 0.000000
0.000000 -12.500011 0.000000


0 1 0 67 0 0.000000 0.300001
0.000000 0.000000 0.000000
0.010000 0.160000 0.000000
-0.360000 0.310000 0.000000
-0.360000 0.360000 0.000000
-0.440000 0.410000 0.000000
0.000000 1.019999 -0.750000
0.849999 0.000000 0.000000
-0.130000 -0.530000 0.010000
0.000000 0.000000 0.000000
0.000000 0.000000 0.000000
0.160000 0.510000 0.570000
0.869999 0.000000 -0.100000
0.000000 0.000000 0.000000
0.000000 0.000000 0.000000
0.000000 0.000000 0.000000
1.049999 0.230000 0.220000
-1.329999 0.000000 0.000000
0.160000 0.000000 0.000000
-0.320000 0.160000 -0.310000
-0.899999 0.000000 0.000000
0.700000 0.000000 0.260000
-1.579999 0.000000 0.000000
0.000000 -12.500011 0.000000


3 -1 11 -1 -1 -1 -1 300 300
0 16 0 10 0 0.000000 0.300001
0.000000 0.200000 -0.100000
0.730000 0.000000 0.000000
-0.310000 0.130000 0.000000
-0.260000 0.200000 0.000000
-0.290000 0.140000 0.000000
0.000000 1.019999 -0.750000
0.849999 0.000000 0.000000
-0.130000 -0.530000 0.010000
0.000000 0.000000 0.000000
0.000000 0.000000 0.000000
0.160000 0.310000 0.570000
0.869999 0.000000 -0.100000
0.000000 0.000000 0.000000
0.000000 0.000000 0.000000
0.000000 0.000000 0.000000
0.340000 0.230000 0.090000
-0.590000 0.000000 0.000000
0.180000 0.000000 0.000000
-0.320000 0.340000 -0.290000
-0.130000 0.000000 0.000000
0.180000 0.000000 0.000000
-1.579999 0.000000 0.000000
0.000000 -5.299997 0.000000


0 20 0 10 0 0.000000 0.300001
0.000000 0.200000 -0.100000
0.979999 0.000000 0.000000
0.310000 0.000000 0.000000
0.260000 0.000000 0.000000
0.290000 0.140000 0.000000
0.000000 0.510000 -0.914999
0.225000 0.000000 0.000000
-0.760000 -0.530000 0.010000
0.000000 0.000000 0.000000
0.000000 0.000000 0.000000
0.160000 0.310000 0.570000
0.434999 0.000000 -0.050000
0.000000 0.000000 0.000000
0.000000 0.000000 0.000000
0.000000 0.000000 0.000000
0.340000 0.230000 0.090000
-0.590000 0.000000 0.000000
0.180000 0.000000 0.000000
-0.320000 0.340000 -0.290000
-0.130000 0.000000 0.000000
0.180000 0.000000 0.000000
-1.579999 0.000000 0.000000
0.000000 -10.000002 0.000000


0 16 0 10 0 0.000000 0.300001
0.000000 0.200000 -0.100000
1.579999 0.000000 0.000000
0.155000 0.000000 0.000000
0.130000 0.000000 0.000000
0.145000 0.140000 0.000000
0.000000 0.000000 -1.339999
0.714999 -0.939999 0.000000
-0.760000 -0.530000 0.010000
0.000000 0.000000 0.000000
0.000000 0.000000 0.000000
0.160000 0.310000 0.570000
0.434999 0.000000 -0.050000
0.000000 0.000000 0.000000
0.000000 0.000000 0.000000
0.000000 0.000000 0.000000
0.420000 0.100000 0.120000
-0.590000 0.000000 0.000000
-0.200000 0.000000 0.000000
0.100000 0.130000 -0.250000
-0.130000 0.000000 0.000000
-0.160000 0.000000 0.000000
-1.579999 0.000000 0.000000
0.000000 -36.000023 0.000000


5 12 3 -1 -1 -1 -1 300 300
0 1 0 3 0 0.000000 0.300001
0.000000 0.000000 0.000000
1.549999 0.000000 0.000000
-0.110000 0.000000 0.000000
-0.190000 0.000000 0.000000
-0.090000 0.000000 0.000000
0.000000 0.000000 -1.339999
0.714999 -0.939999 0.000000
-0.760000 -0.530000 0.010000
0.000000 0.000000 0.000000
0.000000 0.000000 0.000000
0.160000 0.310000 0.570000
0.434999 0.000000 -0.050000
0.000000 0.000000 0.000000
0.000000 0.000000 0.000000
0.000000 0.000000 0.000000
0.420000 0.100000 0.120000
-0.590000 0.000000 0.000000
-0.200000 0.000000 0.000000
0.310000 0.130000 -0.250000
-0.130000 0.000000 0.000000
-0.160000 0.000000 0.000000
-1.579999 0.000000 0.000000
0.000000 -42.899918 0.000000


0 1 0 3 0 0.000000 0.300001
0.000000 0.000000 0.000000
1.579999 0.000000 0.000000
0.000000 0.000000 0.000000
0.000000 0.000000 0.000000
0.000000 0.000000 0.000000
0.000000 0.510000 -1.339999
0.740000 0.000000 0.000000
0.000000 -0.949999 0.740000
0.000000 0.000000 0.000000
0.000000 0.000000 0.000000
1.019999 -1.459999 0.410000
0.434999 0.000000 -0.220000
0.000000 0.000000 0.000000
0.000000 0.000000 0.000000
0.000000 0.000000 0.000000
0.250000 -0.400000 0.120000
-0.590000 0.000000 0.000000
-0.200000 0.000000 0.000000
0.100000 0.130000 -0.250000
-0.130000 0.000000 0.000000
-0.160000 0.000000 0.000000
-2.919998 -1.029999 0.380000
0.000000 -42.899918 0.000000


0 1 0 15 0 0.000000 0.300001
0.000000 0.000000 0.000000
1.549999 0.000000 0.000000
-0.110000 0.000000 0.000000
-0.190000 0.000000 0.000000
-0.090000 0.000000 0.000000
0.000000 0.000000 -1.339999
0.714999 -0.939999 0.000000
-0.760000 -0.530000 0.010000
0.000000 0.000000 0.000000
0.000000 0.000000 0.000000
0.160000 0.310000 0.570000
0.434999 0.000000 -0.050000
0.000000 0.000000 0.000000
0.000000 0.000000 0.000000
0.000000 0.000000 0.000000
0.420000 0.100000 0.120000
-0.590000 0.000000 0.000000
-0.200000 0.000000 0.000000
0.310000 0.130000 -0.250000
-0.130000 0.000000 0.000000
-0.160000 0.000000 0.000000
-1.579999 0.000000 0.000000
0.000000 -37.599998 0.000000


0 1 0 5 0 0.000000 0.300001
0.000000 0.000000 0.000000
1.579999 0.000000 0.000000
0.000000 0.000000 0.000000
0.000000 0.000000 0.000000
0.000000 0.000000 0.000000
0.000000 0.510000 -1.339999
0.740000 0.000000 0.000000
0.000000 -0.949999 0.740000
0.000000 0.000000 0.000000
0.000000 0.000000 0.000000
1.019999 -1.459999 0.410000
0.434999 0.000000 -0.220000
0.000000 0.000000 0.000000
0.000000 0.000000 0.000000
0.000000 0.000000 0.000000
0.250000 -0.400000 0.120000
-0.590000 0.000000 0.000000
-0.200000 0.000000 0.000000
0.100000 0.130000 -0.250000
-0.130000 0.000000 0.000000
-0.160000 0.000000 0.000000
-2.919998 -1.029999 0.380000
0.000000 -42.899918 0.000000


0 1 0 180 0 0.000000 0.300001
0.000000 0.000000 0.000000
1.579999 0.000000 0.000000
0.000000 0.000000 0.000000
0.000000 0.000000 0.000000
0.000000 -1.129999 0.000000
0.000000 0.510000 -1.339999
0.740000 0.000000 0.000000
0.000000 -0.949999 0.740000
0.000000 0.000000 0.000000
0.000000 0.000000 0.000000
1.019999 -1.459999 0.410000
0.434999 0.000000 -0.220000
0.000000 0.000000 0.000000
0.000000 0.000000 0.000000
0.000000 0.000000 0.000000
0.250000 -0.400000 0.120000
-0.590000 0.000000 0.000000
-0.200000 0.000000 0.000000
0.100000 0.130000 -0.250000
-0.130000 0.000000 0.000000
-0.160000 0.000000 0.000000
-2.919998 -1.029999 0.380000
0.000000 -42.899918 0.000000


6 -1 3 -1 -1 -1 -1 300 300
0 1 0 5 0 0.000000 0.300001
0.000000 0.000000 0.000000
2.379998 0.000000 0.000000
-0.560000 0.000000 0.000000
-0.300000 0.000000 0.000000
-0.260000 0.000000 0.000000
2.359998 -0.310000 -0.310000
1.769999 0.000000 0.000000
0.000000 0.000000 1.829999
0.000000 0.000000 0.000000
0.000000 0.000000 0.000000
2.359998 0.300000 0.310000
1.769999 0.000000 0.000000
0.000000 0.000000 0.000000
0.000000 0.000000 0.000000
0.000000 0.000000 0.000000
1.289999 -0.400000 -0.110000
0.000000 0.000000 0.000000
-0.200000 0.000000 0.000000
1.269999 0.130000 -0.110000
0.000000 0.000000 0.000000
-0.160000 0.000000 0.000000
-1.579999 0.000000 -0.600000
0.000000 -42.599922 0.000000


0 6 0 5 0 0.000000 0.300001
0.000000 0.000000 -1.000000
-2.713188 0.000000 0.000000
-0.560000 0.000000 0.000000
-0.300000 0.000000 0.000000
-0.260000 0.000000 0.000000
2.359998 -0.310000 -0.310000
1.769999 0.000000 0.000000
0.000000 0.000000 1.829999
0.000000 0.000000 0.000000
0.000000 0.000000 0.000000
2.359998 0.300000 0.310000
1.769999 0.000000 0.000000
0.000000 0.000000 0.000000
0.000000 0.000000 0.000000
0.000000 0.000000 0.000000
1.289999 -0.200000 -0.060000
-2.399998 0.000000 0.110000
0.500000 0.000000 0.000000
1.269999 0.200000 -0.060000
-2.399998 0.000000 -0.110000
0.500000 0.000000 0.000000
-1.579999 0.000000 0.380000
0.000000 -15.200020 0.000000


0 0 0 5 0 0.000000 0.300001
0.000000 0.000000 -1.000000
-2.693188 0.000000 0.000000
-0.560000 0.000000 0.000000
-0.300000 0.000000 0.000000
-0.260000 0.000000 0.000000
2.359998 -0.310000 -0.310000
1.769999 0.000000 0.000000
0.000000 0.000000 1.829999
0.000000 0.000000 0.000000
0.000000 0.000000 0.000000
2.359998 0.300000 0.310000
1.769999 0.000000 0.000000
0.000000 0.000000 0.000000
0.000000 0.000000 0.000000
0.000000 0.000000 0.000000
1.289999 -0.200000 -0.060000
-2.399998 0.000000 0.110000
0.500000 0.000000 0.000000
1.269999 0.200000 -0.060000
-2.399998 0.000000 -0.110000
0.500000 0.000000 0.000000
-1.579999 0.000000 0.380000
0.000000 -15.200020 0.000000


0 1 0 5 0 0.000000 0.300001
0.000000 5.099998 -6.499996
-2.693188 0.000000 0.000000
-0.190000 0.000000 0.000000
0.120000 0.000000 0.000000
0.620000 0.000000 0.000000
3.039998 -0.150000 -0.160000
0.000000 0.000000 0.000000
0.000000 0.000000 0.000000
0.000000 0.000000 0.000000
0.000000 0.000000 0.000000
-3.033188 0.150000 0.155000
0.000000 0.000000 0.000000
0.000000 0.000000 0.000000
0.000000 0.000000 0.000000
0.000000 0.000000 0.000000
0.000000 0.000000 0.000000
0.000000 0.000000 0.000000
0.500000 0.000000 0.000000
0.000000 0.000000 0.000000
0.000000 0.000000 0.000000
0.500000 0.000000 0.000000
-1.579999 0.000000 0.380000
0.000000 -5.799995 0.000000


0 0 0 5 0 0.000000 0.300001
0.000000 0.000000 -1.000000
-1.453190 0.000000 0.000000
-0.190000 0.000000 0.000000
-0.090000 0.000000 0.000000
0.340000 0.000000 0.000000
3.039998 -0.150000 -0.160000
0.000000 0.000000 0.000000
0.000000 0.000000 0.000000
0.000000 0.000000 0.000000
0.000000 0.000000 0.000000
-3.033188 0.150000 0.155000
0.000000 0.000000 0.000000
0.000000 0.000000 0.000000
0.000000 0.000000 0.000000
0.000000 0.000000 0.000000
1.129999 0.000000 0.000000
-1.269999 0.000000 0.000000
-0.400000 0.000000 0.000000
1.129999 0.000000 0.000000
-1.269999 0.000000 0.000000
-0.400000 0.000000 0.000000
-1.579999 0.000000 0.380000
0.000000 -5.799995 0.000000


0 0 0 15 0 -0.000000 1.009999
0.000000 0.000000 -0.000000
0.010000 0.000000 0.000000
-0.010000 -0.000000 0.000000
-0.160000 0.010000 0.000000
-0.100000 0.000000 0.000000
-0.380000 0.650000 -0.690000
0.000000 0.050000 0.160000
-0.130000 0.250000 0.010000
0.000000 0.000000 0.000000
0.000000 0.000000 0.000000
-0.190000 -0.250000 0.690000
0.640000 0.210000 0.000000
0.140000 0.000000 -0.235000
0.000000 0.000000 0.000000
0.000000 0.000000 0.000000
0.000000 -0.060000 0.100000
-0.400000 0.000000 0.000000
-0.510000 0.000000 0.000000
0.200000 0.160000 -0.060000
-0.180000 0.000000 0.000000
-0.510000 0.000000 0.000000
-1.579999 0.000000 0.000000
0.000000 4.199998 0.000000


8 0 3 -1 -1 -1 -1 -1 300
1 1 0 30 0 0.000000 1.000000
0.000000 0.000000 0.000000
0.000000 0.660000 0.000000
-0.090000 -0.250000 0.000000
0.020000 -0.250000 0.000000
-0.060000 0.000000 0.000000
-0.380000 0.060000 -0.390000
0.000000 0.050000 0.160000
-0.130000 0.250000 0.010000
0.000000 0.000000 0.000000
0.000000 0.000000 0.000000
0.160000 0.000000 0.270000
0.000000 0.000000 -0.100000
0.000000 0.000000 0.000000
0.000000 0.000000 0.000000
0.000000 0.000000 0.000000
0.390000 -0.420000 0.290000
-0.590000 0.000000 0.000000
0.180000 0.000000 0.000000
0.110000 -0.120000 -0.290000
-0.380000 0.000000 0.000000
0.180000 0.000000 0.000000
-1.579999 0.000000 0.000000
0.000000 -3.099999 0.000000
0 0 0 0 0
0.000000 0.000000


1 1 0 20 0 0.000000 1.000000
0.000000 0.000000 0.000000
0.000000 0.660000 0.000000
-0.090000 -0.250000 0.000000
0.020000 -0.250000 0.000000
-0.060000 0.000000 0.000000
-0.380000 0.060000 -0.390000
0.000000 0.050000 0.160000
-0.130000 0.250000 0.010000
0.000000 0.000000 0.000000
0.000000 0.000000 0.000000
0.160000 0.000000 0.270000
0.000000 0.000000 -0.100000
0.000000 0.000000 0.000000
0.000000 0.000000 0.000000
0.000000 0.000000 0.000000
0.390000 -0.420000 0.290000
-0.590000 0.000000 0.000000
0.180000 0.000000 0.000000
0.110000 -0.120000 -0.290000
-0.380000 0.000000 0.000000
0.180000 0.000000 0.000000
-1.579999 0.000000 0.000000
0.000000 -3.599999 0.000000
0 0 0 0 0
0.000000 0.000000


1 1 0 15 0 0.000000 1.000000
0.000000 0.000000 0.000000
-0.050000 0.000000 0.000000
-0.140000 -0.110000 0.030000
0.000000 -0.110000 0.030000
-0.120000 -0.120000 0.000000
-1.249999 0.000000 -0.350000
1.009999 0.300000 0.180000
-0.390000 0.310000 0.010000
0.000000 0.100000 0.000000
0.000000 0.000000 0.000000
0.180000 0.000000 0.400000
0.000000 -0.410000 -0.320000
0.000000 0.000000 0.000000
0.000000 0.000000 0.000000
0.000000 0.000000 0.000000
0.700000 -0.180000 0.290000
-0.840000 0.000000 0.000000
0.150000 0.000000 0.000000
0.400000 0.070000 -0.350000
-0.929999 0.000000 0.000000
0.500000 0.000000 0.240000
-1.579999 0.000000 0.000000
0.000000 -7.299995 0.000000
0 0 0 0 0
0.000000 0.000000


1 1 0 3 0 0.000000 1.000000
0.000000 0.000000 0.000000
-0.180000 0.200000 0.000000
-0.120000 -0.110000 -0.030000
0.020000 -0.110000 -0.030000
0.080000 -0.120000 0.000000
-0.800000 -0.090000 -0.650000
1.009999 0.300000 0.180000
-0.390000 0.310000 0.010000
0.000000 0.100000 -1.859999
-1.849999 1.429999 0.000000
0.580000 0.000000 0.400000
0.000000 -0.410000 -1.079999
0.000000 0.000000 0.000000
0.000000 0.000000 0.000000
0.000000 0.000000 0.000000
1.130000 -0.180000 0.290000
-0.980000 0.000000 0.000000
-0.180000 0.000000 0.000000
0.400000 0.070000 -0.350000
-0.999999 0.000000 0.000000
0.520000 0.000000 0.240000
-2.909998 1.669999 0.000000
0.000000 -6.499996 0.000000
0 0 0 0 0
0.000000 0.000000


1 1 0 3 0 0.000000 1.000000
0.000000 0.000000 0.000000
-0.180000 0.200000 0.000000
-0.140000 -0.110000 -0.030000
-0.000000 -0.110000 -0.030000
0.080000 -0.120000 0.000000
-0.800000 -0.090000 -0.650000
1.009999 0.300000 0.180000
-0.390000 0.310000 0.010000
0.000000 0.100000 -1.859999
-1.849999 1.429999 0.000000
0.580000 0.000000 0.400000
0.000000 -0.410000 -1.079999
0.000000 0.000000 0.000000
0.000000 0.000000 0.000000
0.000000 0.000000 0.000000
1.130000 -0.180000 0.290000
-0.980000 0.000000 0.000000
-0.180000 0.000000 0.000000
0.400000 0.070000 -0.350000
-0.999999 0.000000 0.000000
0.520000 0.000000 0.240000
-1.229999 -2.933188 0.000000
0.000000 -6.499996 0.000000
0 0 0 0 0
0.000000 0.000000


1 1 0 3 0 0.000000 1.000000
0.000000 0.000000 0.000000
-0.100000 0.200000 0.000000
-0.140000 -0.110000 -0.030000
0.000000 -0.110000 -0.030000
0.080000 -0.120000 0.000000
-0.800000 -0.090000 -0.650000
1.009999 0.300000 0.180000
-0.390000 0.310000 0.010000
0.000000 0.100000 -1.859999
-1.849999 1.429999 0.000000
0.260000 -0.770000 0.520000
0.000000 -0.410000 -1.789999
0.000000 0.000000 0.000000
0.000000 0.000000 0.000000
0.000000 0.000000 0.000000
1.130000 -0.180000 0.290000
-1.330000 0.000000 0.000000
0.180000 0.000000 0.000000
0.490000 0.070000 -0.450000
-1.189999 0.000000 0.000000
0.610000 -0.010000 0.090000
-1.229999 -2.933188 2.639998
0.000000 -11.500008 0.000000
0 0 0 0 0
0.000000 0.000000


1 1 0 5 0 0.000000 1.000000
0.000000 0.000000 0.000000
-0.100000 0.200000 0.000000
-0.140000 -0.110000 -0.030000
0.000000 -0.110000 -0.030000
0.080000 -0.120000 0.000000
-1.249999 0.000000 -0.350000
1.009999 0.300000 0.180000
-0.390000 0.310000 0.010000
0.000000 0.100000 0.000000
0.000000 0.000000 0.000000
0.260000 -0.770000 0.520000
0.000000 -0.410000 -1.789999
0.000000 0.000000 0.000000
0.000000 0.000000 0.000000
0.000000 0.000000 0.000000
1.130000 -0.180000 0.290000
-1.330000 0.000000 0.000000
0.180000 0.000000 0.000000
0.490000 0.070000 -0.450000
-1.189999 0.000000 0.000000
0.610000 -0.010000 0.090000
-1.579999 0.000000 0.000000
0.000000 -11.500008 0.000000
0 0 0 0 0
0.000000 0.000000


1 1 0 5 0 0.000000 1.000000
0.000000 0.000000 0.000000
-0.100000 0.200000 0.000000
-0.140000 -0.110000 -0.030000
0.000000 -0.110000 -0.030000
0.080000 -0.120000 0.000000
-1.249999 0.000000 -0.350000
1.009999 0.300000 0.180000
-0.390000 0.310000 0.010000
0.000000 0.100000 0.000000
0.000000 0.000000 0.000000
0.260000 -0.770000 0.520000
0.000000 -0.410000 -1.789999
0.000000 0.000000 0.000000
0.000000 0.000000 0.000000
0.000000 0.000000 0.000000
1.130000 -0.180000 0.290000
-1.330000 0.000000 0.000000
0.180000 0.000000 0.000000
0.490000 0.070000 -0.450000
-1.189999 0.000000 0.000000
0.610000 -0.010000 0.090000
-1.579999 0.000000 0.000000
0.000000 -11.500008 0.000000
0 0 0 0 0
0.000000 0.000000


4 13 3 -1 -1 15 16 25 300
0 1 0 5 0 0.000000 1.000000
0.000000 0.000000 0.000000
-0.410000 -0.210000 0.000000
0.070000 -0.110000 0.000000
0.110000 -0.160000 -0.050000
-0.050000 0.320000 0.000000
0.520000 -0.150000 -0.390000
0.710000 -1.429999 -0.620000
-0.280000 -0.810000 -0.040000
0.000000 0.100000 0.000000
0.000000 0.000000 0.000000
-0.190000 0.000000 0.740000
1.649999 -0.410000 -0.320000
0.000000 0.000000 0.000000
0.000000 0.000000 0.000000
0.000000 0.000000 0.000000
0.370000 -0.000000 0.290000
-1.000000 0.000000 0.000000
0.890000 0.000000 0.190000
1.169999 0.070000 -0.320000
-1.169999 0.000000 0.180000
0.500000 0.000000 0.240000
-1.579999 0.000000 0.000000
0.000000 -12.300011 0.000000


0 1 0 2 0 0.000000 1.000000
0.000000 0.000000 0.000000
-0.410000 -0.210000 0.000000
0.050000 -0.130000 0.000000
0.090000 -0.180000 -0.050000
0.120000 0.440000 0.000000
0.520000 -0.150000 -0.390000
0.710000 -1.429999 -0.620000
-0.280000 -0.810000 -0.040000
0.000000 0.100000 0.000000
0.000000 0.000000 0.000000
-0.190000 0.000000 0.740000
1.649999 -0.410000 -0.320000
0.000000 0.000000 0.000000
0.000000 0.000000 0.000000
0.000000 0.000000 0.000000
0.370000 -0.000000 0.290000
-1.000000 0.000000 0.000000
0.890000 0.000000 0.190000
1.169999 0.070000 -0.320000
-1.169999 0.000000 0.180000
0.500000 0.000000 0.240000
-1.579999 0.000000 0.000000
0.000000 -12.300011 0.000000


1 1 0 5 0 0.000000 1.000000
0.000000 0.000000 8.099995
-0.300000 -0.210000 0.000000
0.050000 -0.130000 0.000000
0.090000 -0.180000 -0.050000
0.120000 0.440000 0.000000
0.520000 -0.150000 -2.939998
0.355000 -0.714999 -0.310000
-0.909999 -0.405000 -0.020000
0.000000 0.100000 0.000000
0.000000 0.000000 0.000000
-0.190000 0.000000 0.740000
1.649999 -0.410000 -0.320000
0.000000 0.000000 0.000000
0.000000 0.000000 0.000000
0.000000 0.000000 0.000000
1.329999 -0.000000 0.290000
-1.280000 0.000000 0.000000
0.055000 0.000000 0.095000
-0.260000 0.070000 -0.040000
0.000000 0.000000 0.000000
-0.340000 0.000000 0.240000
-1.579999 0.000000 0.000000
0.000000 -4.699998 0.000000
0 20 4 0 5
20.000040 0.510000


0 1 0 25 0 0.000000 1.000000
0.000000 0.000000 0.000000
-0.300000 -0.210000 0.000000
0.050000 -0.130000 0.000000
0.090000 -0.180000 -0.050000
0.120000 0.440000 0.000000
0.859999 -0.150000 -2.939998
0.764999 -0.714999 -0.310000
-0.909999 -0.405000 -0.020000
0.000000 0.100000 0.000000
0.000000 0.000000 0.000000
-0.190000 0.000000 0.740000
1.649999 -0.410000 -0.320000
0.000000 0.000000 0.000000
0.000000 0.000000 0.000000
0.000000 0.000000 0.000000
1.329999 -0.000000 0.290000
-1.280000 0.000000 0.000000
0.055000 0.000000 0.095000
-0.260000 0.070000 -0.040000
0.000000 0.000000 0.000000
-0.340000 0.000000 0.240000
-1.579999 0.000000 0.000000
0.000000 -0.300000 0.000000


6 13 3 15 16 25 30 60 300
0 0 0 10 0 0.010000 3.009997
0.000000 0.000000 -0.000000
-0.460000 0.000000 0.000000
-0.110000 0.000000 0.000000
-0.110000 0.010000 0.000000
-0.160000 0.000000 0.000000
-0.190000 0.465000 -0.595000
0.430000 0.220000 0.160000
-0.150000 0.080000 0.010000
-0.060000 0.090000 0.000000
0.000000 0.000000 0.000000
-0.190000 -0.250000 0.690000
0.640000 0.210000 0.000000
0.140000 0.000000 -0.235000
0.000000 0.000000 0.000000
0.000000 0.000000 0.000000
1.259999 -0.060000 0.240000
-2.289999 0.000000 0.200000
0.370000 0.000000 0.000000
1.809999 0.160000 -0.060000
-2.199998 0.000000 0.000000
0.380000 0.000000 0.000000
-1.579999 0.000000 0.000000
0.000000 -19.100037 0.000000


0 1 0 3 0 0.010000 0.000000
0.000000 0.000000 15.000021
-0.660000 0.000000 0.000000
-0.060000 0.000000 0.000000
-0.060000 0.010000 0.000000
0.300000 0.000000 0.000000
-0.380000 0.930000 -1.190000
0.860000 0.440000 0.320000
-0.150000 0.080000 0.010000
-0.060000 0.090000 0.000000
0.000000 0.000000 0.000000
-0.190000 -0.250000 0.690000
0.640000 0.210000 0.000000
0.140000 0.000000 -0.235000
0.000000 0.000000 0.000000
0.000000 0.000000 0.000000
1.519999 -0.060000 0.100000
-2.099999 0.000000 0.000000
0.370000 0.000000 0.000000
-0.200000 0.160000 -0.060000
-0.180000 0.000000 0.000000
-0.510000 0.000000 0.000000
-1.579999 0.000000 0.000000
0.000000 -15.000021 0.000000


0 0 0 3 0 0.010000 0.000000
0.000000 0.000000 8.099995
-0.410000 0.110000 0.000000
0.060000 0.110000 0.000000
0.360000 0.110000 0.000000
-0.320000 -0.310000 0.000000
2.819998 0.520000 -0.250000
0.860000 0.210000 0.320000
-0.150000 -0.070000 0.010000
-0.060000 0.090000 0.000000
0.000000 0.000000 0.000000
1.234999 -0.125000 0.285000
0.300000 1.484999 0.280000
0.000000 0.000000 0.620000
0.000000 0.000000 1.849999
0.000000 -1.189999 0.500000
1.519999 -0.060000 0.100000
-1.809999 0.000000 0.000000
0.430000 0.000000 0.000000
0.100000 0.160000 -0.060000
-0.740000 0.000000 0.000000
-0.510000 0.000000 0.000000
-1.579999 0.000000 0.000000
0.000000 -11.200006 0.000000


1 0 0 3 0 0.010000 1.009999
0.000000 0.000000 8.099995
-0.620000 -0.110000 0.000000
-0.060000 -0.110000 0.000000
-0.360000 -0.110000 0.000000
-0.320000 0.310000 -0.000000
1.389999 0.520000 -0.030000
-0.309999 -0.200000 0.320000
-0.210000 -0.070000 0.010000
-0.060000 0.090000 0.000000
0.000000 0.000000 0.000000
-0.515000 -0.125000 0.285000
1.549999 -0.052500 0.140000
-0.000000 0.000000 0.310000
0.000000 0.000000 0.462500
0.000000 -0.595000 0.250000
1.859999 -0.060000 0.100000
-2.089999 0.000000 0.000000
0.830000 0.000000 0.000000
0.130000 0.160000 -0.060000
-1.129999 0.000000 0.000000
0.590000 0.000000 0.000000
-1.419999 0.000000 0.000000
0.000000 -20.100040 0.000000
0 0 0 0 0
0.000000 0.000000


0 0 0 10 0 0.010000 1.009999
0.000000 0.000000 8.099995
-0.620000 -0.110000 0.000000
-0.060000 -0.110000 0.000000
-0.360000 -0.110000 0.000000
-0.320000 0.310000 -0.000000
1.389999 0.520000 -0.030000
-0.309999 -0.200000 0.320000
-0.210000 -0.070000 0.010000
-0.060000 0.090000 0.000000
0.000000 0.000000 0.000000
-0.515000 -0.125000 0.285000
1.549999 -0.052500 0.140000
-0.000000 0.000000 0.310000
0.000000 0.000000 0.462500
0.000000 -0.595000 0.250000
1.859999 -0.060000 0.100000
-2.089999 0.000000 0.000000
0.830000 0.000000 0.000000
0.130000 0.160000 -0.060000
-1.129999 0.000000 0.000000
0.590000 0.000000 0.000000
-1.419999 0.000000 0.000000
0.000000 -20.100040 0.000000


0 0 0 25 0 0.010000 3.009998
0.000000 0.000000 8.099995
-0.620000 -0.110000 0.000000
-0.020000 -0.110000 0.000000
-0.320000 -0.110000 0.000000
0.710000 0.310000 -0.000000
1.389999 0.520000 -0.030000
-0.309999 -0.200000 0.320000
-0.210000 -0.070000 0.010000
-0.060000 0.090000 0.000000
0.000000 0.000000 0.000000
-0.515000 -0.125000 0.285000
1.549999 -0.052500 0.140000
-0.000000 0.000000 0.310000
0.000000 0.000000 0.462500
0.000000 -0.595000 0.250000
1.859999 -0.060000 0.100000
-1.460000 0.000000 0.000000
0.160000 0.000000 0.000000
0.440000 0.160000 -0.060000
-1.129999 0.000000 0.000000
0.870000 0.000000 0.000000
-1.419999 0.000000 0.000000
0.000000 -15.000021 -7.599995


6 13 3 -1 -1 23 24 37 300
0 0 0 8 0 0.000000 1.510000
0.000000 0.000000 0.000000
-0.410000 -0.210000 0.000000
0.070000 -0.110000 0.000000
0.110000 -0.160000 -0.050000
-0.050000 0.320000 0.000000
0.520000 -0.150000 -0.390000
0.710000 -1.429999 -0.620000
-0.280000 -0.810000 -0.040000
0.000000 0.100000 0.000000
0.000000 0.000000 0.000000
-0.190000 0.000000 0.740000
1.649999 -0.410000 -0.320000
0.000000 0.000000 0.000000
0.000000 0.000000 0.000000
0.000000 0.000000 0.000000
0.370000 -0.000000 0.290000
-1.000000 0.000000 0.000000
0.890000 0.000000 0.190000
1.169999 0.070000 -0.320000
-1.169999 0.000000 0.180000
0.500000 0.000000 0.240000
-1.579999 0.000000 0.000000
0.000000 -12.300011 0.000000


0 0 0 2 0 0.000000 1.000000
0.000000 0.000000 0.000000
-0.050000 -0.210000 0.000000
-0.190000 -0.250000 0.000000
-0.230000 -0.360000 0.140000
0.120000 0.660000 0.000000
0.520000 -0.150000 -0.390000
0.710000 -1.859999 -1.189999
-0.280000 -0.810000 -0.040000
0.000000 0.100000 0.000000
0.000000 0.000000 0.000000
-0.190000 0.000000 0.740000
1.649999 -0.410000 -0.320000
0.000000 0.000000 0.000000
0.000000 0.000000 0.000000
0.000000 0.000000 0.000000
0.080000 -0.000000 0.290000
-1.000000 0.000000 0.000000
0.890000 0.000000 0.190000
0.889999 0.070000 -0.320000
-1.489999 0.000000 0.180000
0.500000 0.000000 -0.050000
-1.579999 0.000000 0.000000
0.000000 -12.300011 0.000000


1 0 0 3 0 0.000000 1.000000
0.000000 0.000000 -12.500011
0.010000 0.100000 0.000000
-0.310000 0.110000 0.000000
-0.110000 0.160000 -0.050000
0.380000 -0.210000 0.000000
1.409999 1.429999 -0.390000
0.000000 -0.839999 0.000000
-0.730000 -0.225000 -0.040000
0.000000 0.100000 0.000000
0.000000 0.000000 0.000000
-0.190000 0.000000 0.740000
1.649999 -0.410000 -0.320000
0.000000 0.000000 0.000000
0.000000 0.000000 0.000000
0.000000 0.000000 0.000000
0.747499 -0.077500 0.072500
-0.390001 0.000000 0.000000
-0.412500 0.000000 0.095000
0.957499 0.797500 -0.100000
-1.579999 -0.360000 0.000000
0.500000 0.000000 0.240000
-1.579999 0.000000 0.000000
0.000000 -6.799996 0.000000
0 0 0 0 0
0.000000 0.000000


0 1 0 5 0 0.000000 0.000001
0.000000 0.000000 -20.000040
0.010000 0.100000 0.000000
-0.310000 0.110000 0.000000
-0.110000 0.160000 -0.050000
0.380000 -0.210000 0.000000
1.409999 1.429999 -0.390000
0.000000 -0.839999 0.000000
-0.730000 -0.225000 -0.040000
0.000000 0.100000 0.000000
0.000000 0.000000 0.000000
-0.190000 0.000000 0.740000
1.649999 -0.410000 -0.320000
0.000000 0.000000 0.000000
0.000000 0.000000 0.000000
0.000000 0.000000 0.000000
0.747499 -0.077500 0.072500
-0.390001 0.000000 0.000000
-0.412500 0.000000 0.095000
0.957499 0.797500 -0.100000
-1.579999 -0.360000 0.000000
0.500000 0.000000 0.240000
-1.579999 0.000000 0.000000
0.000000 -6.799996 0.000000


0 0 0 15 0 0.000000 1.000000
0.000000 0.000000 0.000000
-0.050000 0.100000 0.000000
-0.310000 0.110000 0.000000
-0.110000 0.160000 -0.050000
0.380000 -0.210000 0.000000
1.409999 1.429999 -0.390000
0.000000 -0.839999 0.000000
-0.730000 -0.225000 -0.040000
0.000000 0.100000 0.000000
0.000000 0.000000 0.000000
-0.190000 0.000000 0.740000
1.649999 -0.410000 -0.320000
0.000000 0.000000 0.000000
0.000000 0.000000 0.000000
0.000000 0.000000 0.000000
1.057499 -0.077500 0.072500
-1.220000 0.000000 0.000000
0.157500 0.000000 0.095000
0.497500 1.577499 -0.100000
-0.969999 0.000000 -0.680000
0.500000 -0.400000 0.240000
-1.579999 0.000000 0.000000
0.000000 -11.100006 0.000000


0 0 0 15 0 0.000000 1.000000
0.000000 0.000000 0.000000
-0.025000 0.050000 0.000000
-0.155000 0.055000 0.000000
-0.055000 0.080000 -0.025000
0.110000 -0.105000 0.000000
0.705000 0.714999 -0.974999
0.000000 -0.839999 0.500000
-0.365000 -0.112500 -0.020000
0.000000 0.100000 0.000000
0.000000 0.000000 0.000000
-0.095000 0.000000 0.370000
0.825000 -0.205000 -0.160000
0.000000 0.000000 0.000000
0.000000 0.000000 0.000000
0.000000 0.000000 0.000000
0.698749 -0.038750 0.146250
-0.870000 0.000000 0.000000
0.157500 0.000000 0.095000
-0.061250 0.248750 -0.230000
-0.350000 0.000000 0.000000
0.230000 0.000000 0.000000
-1.579999 0.000000 0.000000
0.000000 -5.099998 0.000000


7 13 3 -1 -1 -1 -1 95 300
0 0 1 7 0 0.010000 1.009999
0.000000 0.000000 -0.000000
0.010000 0.000000 0.000000
-0.010000 -0.000000 0.000000
-0.160000 0.010000 0.000000
-0.100000 0.000000 0.000000
0.000000 1.249999 -1.709999
1.759999 -0.490000 0.420000
-0.235000 0.350000 0.000000
0.000000 0.000000 0.000000
0.000000 0.000000 0.000000
0.220000 1.509999 1.489999
0.320000 0.000000 0.100000
0.000000 0.000000 0.590000
0.000000 0.000000 1.889999
0.000000 0.000000 0.000000
1.109999 -0.060000 0.100000
-1.359999 0.000000 0.000000
0.170000 0.000000 0.000000
-0.040000 0.370000 -0.500000
-1.089999 0.000000 0.000000
0.630000 0.000000 0.480000
-1.579999 0.000000 0.000000
0.000000 -12.500012 0.000000


0 0 1 10 0 0.010000 1.009999
0.000000 0.000000 -0.000000
0.010000 0.460000 0.000000
-0.010000 0.200000 0.000000
-0.160000 0.200000 0.000000
-0.100000 -0.660000 -0.180000
0.000000 0.929999 -1.709999
1.759999 -0.490000 0.420000
-0.235000 0.350000 0.000000
0.000000 0.000000 0.000000
0.000000 0.000000 0.000000
0.220000 0.450000 1.489999
0.320000 0.000000 0.100000
0.000000 0.000000 0.590000
0.000000 0.000000 1.889999
0.000000 0.000000 0.000000
1.109999 -0.460000 0.110000
-1.359999 0.000000 0.160000
0.170000 0.000000 0.000000
-0.040000 -0.080000 -0.500000
-1.089999 0.000000 0.000000
0.630000 0.000000 0.480000
-1.579999 0.000000 0.000000
0.000000 -12.500012 -2.000000


0 0 1 15 0 0.010000 1.009999
0.000000 0.000000 -0.000000
-0.010000 0.460000 0.030000
-0.120000 0.250000 0.000000
-0.340000 0.260000 0.000000
-0.250000 0.250000 -0.180000
0.000000 0.929999 -1.709999
1.759999 -0.490000 0.420000
0.185000 0.320000 0.010000
0.000000 0.000000 0.000000
0.000000 0.000000 0.000000
0.220000 0.190000 1.649999
0.320000 0.000000 0.100000
0.000000 0.000000 0.590000
0.000000 0.000000 1.889999
0.000000 0.000000 0.000000
1.109999 -0.500000 0.240000
-1.359999 0.000000 -0.020000
0.170000 0.000000 0.000000
0.060000 -0.080000 -0.540000
-1.089999 0.000000 0.000000
0.630000 0.000000 0.480000
-1.579999 0.000000 0.000000
0.000000 -12.500012 -2.000000


0 0 1 20 0 0.010000 1.009999
0.000000 0.000000 -0.000000
-0.050000 0.480000 0.050000
-0.140000 0.300000 0.000000
-0.360000 0.310000 0.000000
-0.400000 0.250000 -0.180000
0.000000 0.929999 -1.709999
1.759999 -0.490000 0.420000
0.185000 0.320000 0.010000
0.000000 0.000000 0.000000
0.000000 0.000000 0.000000
0.220000 -0.010000 1.609999
0.320000 0.000000 0.100000
0.000000 0.000000 0.590000
0.000000 0.000000 1.889999
0.000000 0.000000 0.000000
1.449999 -0.510000 0.250000
-1.859998 0.000000 0.120000
0.510000 0.000000 0.000000
0.080000 -0.080000 -0.910000
-1.089999 0.000000 0.000000
0.630000 0.000000 0.330000
-1.579999 0.000000 0.000000
0.000000 -19.400038 -2.000000


1 0 1 20 0 0.010000 1.009999
0.000000 0.000000 -0.000000
-0.060000 0.490000 0.050000
-0.140000 0.300000 0.000000
-0.360000 0.310000 0.000000
-0.400000 0.250000 -0.180000
0.000000 0.929999 -1.709999
1.759999 -0.490000 0.420000
0.185000 0.320000 0.010000
0.000000 0.000000 0.000000
0.000000 0.000000 0.000000
0.220000 -0.010000 1.609999
0.320000 0.000000 0.100000
0.000000 0.000000 0.590000
0.000000 0.000000 1.889999
0.000000 0.000000 0.000000
1.449999 -0.510000 0.250000
-1.859998 0.000000 0.120000
0.510000 0.000000 0.000000
0.080000 -0.080000 -0.910000
-1.089999 0.000000 0.000000
0.630000 0.000000 0.330000
-1.579999 0.000000 0.000000
0.000000 -19.400038 -2.000000
0 0 0 0 0
0.000000 0.000000


0 1 1 3 0 -0.000000 1.009999
0.000000 0.000000 40.099960
-0.160000 -0.360000 0.000000
-0.260000 -0.200000 0.000000
-0.570000 -0.200000 0.000000
-0.100000 0.660000 0.180000
2.489998 0.000000 -0.750000
0.000000 -0.320000 0.000000
-1.584999 0.350000 0.000000
0.000000 0.000000 0.000000
0.000000 0.000000 0.000000
-0.240000 0.460000 0.870000
1.489999 0.000000 0.000000
0.000000 0.000000 0.000000
0.000000 0.000000 0.000000
0.000000 0.000000 0.000000
-0.849999 0.170000 0.470000
0.000000 0.000000 0.000000
0.849999 0.000000 0.000000
1.429999 0.420000 0.000000
-2.149998 0.000000 -0.300000
0.610000 -0.000000 0.000000
-1.579999 0.000000 0.000000
0.000000 -20.200041 0.000000


1 0 1 15 0 0.010000 1.009999
0.000000 0.000000 -0.000000
-0.180000 -0.360000 0.000000
-0.260000 -0.200000 0.000000
-0.570000 -0.200000 0.000000
-0.100000 0.660000 0.180000
2.489998 0.000000 -0.750000
0.000000 -0.320000 0.000000
-1.584999 0.350000 0.000000
0.000000 0.000000 0.000000
0.000000 0.000000 0.000000
-0.240000 0.460000 0.870000
1.489999 0.000000 0.000000
0.000000 0.000000 0.000000
0.000000 0.000000 0.000000
0.000000 0.000000 0.000000
-0.849999 0.170000 0.470000
0.000000 0.000000 0.000000
0.849999 0.000000 0.000000
1.429999 0.420000 0.000000
-2.149998 0.000000 -0.300000
0.610000 -0.000000 0.000000
-1.579999 0.000000 0.000000
0.000000 -20.200041 0.000000
0 0 0 0 0
0.000000 0.000000


6 0 3 -1 -1 25 26 46 300
1 1 0 5 0 0.000000 1.000000
0.000000 0.000000 0.000000
-0.410000 0.210000 0.000000
-0.230000 0.000000 0.000000
-0.210000 0.000000 0.000000
-0.190000 0.210000 0.020000
0.820000 0.000000 0.000000
0.170000 1.729999 0.000000
-0.290000 1.509998 -0.040000
0.000000 -0.110000 0.000000
0.000000 0.000000 0.000000
1.149999 0.090000 -0.180000
0.999999 1.429999 0.000000
0.000000 0.680000 0.000000
0.000000 0.000000 1.249999
0.000000 0.000000 0.000000
0.180000 -0.020000 0.650000
-1.000000 0.000000 -0.390000
0.890000 0.000000 -0.210000
1.559999 0.000000 -0.110000
-1.869999 0.000000 -0.190000
0.830000 0.000000 0.000000
-1.579999 0.000000 0.000000
0.000000 -17.200029 0.000000
0 0 0 0 0
0.000000 0.000000


1 1 0 10 0 0.000000 1.000000
0.000000 0.000000 0.000000
-0.410000 0.210000 0.000000
-0.230000 0.050000 0.000000
-0.210000 0.050000 0.000000
0.140000 0.080000 0.020000
1.039999 0.000000 0.000000
-0.210000 1.599999 0.240000
-0.290000 1.249999 -0.040000
0.000000 -0.110000 0.000000
0.000000 0.000000 0.000000
1.149999 0.090000 -0.180000
0.710000 1.429999 0.390000
0.000000 1.709999 -0.010000
0.000000 0.000000 0.630000
0.000000 0.000000 0.000000
-0.230000 -0.020000 0.450000
-0.770000 0.000000 -0.390000
1.120000 0.510000 0.220000
1.719999 0.000000 -0.120000
-2.089998 0.000000 -0.190000
0.810000 0.000000 0.120000
-1.579999 0.000000 0.000000
0.000000 -21.000044 0.000000
0 0 0 0 0
0.000000 0.000000


1 6 0 5 0 0.000000 1.000000
0.000000 0.600000 7.499993
-0.205000 0.105000 0.000000
-0.115000 0.025000 0.000000
-0.105000 0.025000 0.000000
0.290000 0.040000 0.010000
1.039999 0.000000 0.000000
-0.210000 1.599999 0.240000
-0.290000 1.249999 -0.040000
0.000000 -0.110000 0.000000
0.000000 0.000000 0.000000
1.149999 0.090000 -0.180000
0.710000 1.429999 0.390000
0.000000 1.709999 -0.010000
0.000000 0.000000 0.630000
0.000000 0.000000 0.000000
1.499999 0.000000 0.000000
-2.469998 0.310000 0.000000
0.690000 0.000000 0.000000
-0.590000 0.000000 -0.120000
0.000000 0.000000 0.000000
-0.899999 0.000000 0.000000
-1.579999 0.000000 0.000000
0.000000 -9.299999 0.000000
0 0 0 0 0
0.000000 0.000000


1 6 0 5 0 0.000000 1.000000
0.000000 0.800000 0.000000
-0.205000 0.105000 0.000000
0.005000 0.025000 0.000000
0.005000 0.025000 0.000000
0.000000 0.060000 -0.100000
1.589999 0.000000 0.470000
-1.149999 1.599999 0.240000
-0.580000 1.049999 -0.060000
-0.360000 0.000000 0.000000
0.000000 0.000000 0.000000
0.090000 -0.460000 0.120000
-0.070000 -1.159999 -2.019999
0.000000 1.179999 -0.010000
0.000000 0.000000 1.069999
0.000000 0.000000 0.000000
1.499999 -0.140000 0.000000
-2.469998 0.060000 0.190000
0.690000 -0.190000 0.000000
-0.590000 0.000000 -0.120000
0.000000 0.000000 0.000000
-0.899999 0.000000 0.000000
-3.029998 -2.289998 0.000000
0.000000 -9.299999 0.000000
0 0 0 0 0
0.000000 0.000000


1 1 0 10 0 0.000000 1.000000
0.000000 0.000000 0.000000
0.005000 -0.205000 0.000000
0.028750 -0.205000 0.000000
0.026250 -0.255000 0.000000
-0.180000 0.510000 -0.100000
1.589999 0.000000 0.470000
-1.149999 1.599999 0.240000
-0.580000 1.049999 -0.060000
-0.360000 0.000000 0.000000
0.000000 0.000000 0.000000
0.090000 -0.460000 0.120000
-0.070000 -1.159999 -2.019999
0.000000 1.179999 -0.010000
0.000000 0.000000 1.069999
0.000000 0.000000 0.000000
1.499999 -0.140000 0.000000
-2.469998 0.060000 0.190000
0.690000 -0.190000 0.000000
-0.590000 0.000000 -0.120000
0.000000 0.000000 0.000000
-0.899999 0.000000 0.000000
-3.029998 -2.289998 0.000000
0.000000 -9.299999 0.000000
0 0 0 0 0
0.000000 0.000000


1 1 0 30 0 0.000000 1.000000
0.000000 0.000000 0.000000
0.055000 -0.355000 0.000000
0.058750 -0.255000 0.000000
0.056250 -0.305000 0.000000
-0.430000 0.510000 -0.100000
1.589999 0.000000 0.470000
-1.149999 1.599999 0.240000
-0.580000 1.049999 -0.060000
-0.360000 0.000000 0.000000
0.000000 0.000000 0.000000
0.090000 -0.460000 0.120000
-0.070000 -1.159999 -2.019999
0.000000 1.179999 -0.010000
0.000000 0.000000 1.069999
0.000000 0.000000 0.000000
1.499999 -0.140000 0.000000
-2.469998 0.060000 0.190000
0.690000 -0.190000 0.000000
-0.590000 0.000000 -0.120000
0.000000 0.000000 0.000000
-0.899999 0.000000 0.000000
-3.029998 -2.289998 0.000000
0.000000 -9.299999 0.000000
0 0 0 0 0
0.000000 0.000000


7 0 3 -1 -1 31 32 51 300
0 0 0 8 0 0.000000 1.500000
0.000000 0.000000 0.000000
-0.410000 -0.210000 0.000000
0.070000 -0.110000 0.000000
0.110000 -0.160000 -0.050000
-0.050000 0.320000 0.000000
0.520000 -0.150000 -0.390000
0.710000 -1.429999 -0.620000
-0.280000 -0.810000 -0.040000
0.000000 0.100000 0.000000
0.000000 0.000000 0.000000
-0.190000 0.000000 0.740000
1.649999 -0.410000 -0.320000
0.000000 0.000000 0.000000
0.000000 0.000000 0.000000
0.000000 0.000000 0.000000
0.380000 -0.000000 1.009999
-0.720000 0.000000 -0.260000
0.430000 0.000000 0.190000
1.569999 0.070000 -0.320000
-2.079998 0.000000 0.180000
0.840000 0.000000 0.240000
-1.579999 0.000000 0.000000
0.000000 -18.800035 0.000000


0 0 0 5 0 0.000000 1.000000
0.000000 0.000000 0.000000
-0.410000 -0.310000 0.000000
-0.060000 -0.350000 0.000000
-0.110000 -0.360000 -0.050000
-0.050000 0.410000 0.000000
0.690000 -0.150000 -0.260000
0.710000 -1.429999 -0.860000
-0.280000 -0.810000 -0.040000
0.000000 0.100000 0.000000
0.000000 0.000000 0.000000
-0.190000 0.000000 0.740000
1.649999 -0.410000 -0.320000
0.000000 0.000000 0.000000
0.000000 0.000000 0.000000
0.000000 0.000000 0.000000
0.380000 0.130000 1.009999
-0.720000 0.000000 -0.190000
0.430000 0.000000 0.190000
1.569999 0.160000 -0.320000
-2.079998 0.000000 0.180000
0.840000 0.000000 0.240000
-1.579999 0.000000 0.000000
0.000000 -18.800035 0.000000


1 1 0 5 0 0.000000 0.100001
0.000000 0.000000 4.099998
-0.410000 0.300000 0.000000
-0.060000 0.350000 0.000000
-0.110000 0.360000 -0.050000
-0.050000 -0.750000 0.000000
1.409999 1.879999 -0.260000
0.000000 -0.440000 0.000000
-0.999999 -0.810000 -0.040000
0.000000 0.100000 0.000000
0.000000 0.000000 0.000000
-0.190000 0.000000 0.740000
1.649999 -0.410000 -0.320000
0.000000 0.000000 0.000000
0.000000 0.000000 0.000000
0.000000 0.000000 0.000000
1.739999 0.000000 0.000000
-1.999998 0.140000 0.390000
0.640000 -0.020000 0.080000
0.699999 1.749999 -0.320000
-0.470000 0.000000 0.000000
-0.170000 0.000000 0.240000
-1.579999 0.000000 0.000000
0.000000 -18.800035 0.000000
0 0 0 0 0
0.000000 0.000000


0 0 0 3 0 0.000000 0.100001
0.000000 0.000000 0.000000
-0.410000 -3.133188 0.000000
-0.060000 -0.760000 0.000000
-0.110000 -0.460000 -0.050000
-0.250000 1.009999 0.000000
1.909999 1.879999 -0.260000
0.000000 -0.180000 1.699999
-0.999999 -0.810000 -0.040000
0.000000 0.100000 0.000000
0.000000 0.000000 0.000000
-0.190000 0.000000 0.570000
1.289999 -0.410000 -0.320000
0.000000 0.000000 0.000000
0.000000 0.000000 0.000000
0.000000 0.000000 0.000000
1.399999 0.000000 0.440000
0.000000 0.490000 0.000000
-0.949999 -0.020000 0.080000
1.069999 0.874999 -0.160000
-2.199998 0.000000 0.000000
0.570000 0.000000 0.240000
-1.579999 0.000000 0.000000
0.000000 -18.800035 0.000000


0 0 0 5 0 0.000000 0.100001
0.000000 0.000000 0.000000
-0.410000 -0.210000 0.000000
-0.060000 -0.760000 0.000000
-0.110000 -0.460000 -0.050000
-0.250000 1.009999 0.000000
1.909999 0.430000 -0.260000
0.000000 -0.180000 1.699999
-0.999999 -0.810000 -0.040000
0.000000 0.100000 0.000000
0.000000 0.000000 0.000000
-0.190000 0.000000 0.570000
1.289999 -0.410000 -0.320000
0.000000 0.000000 0.000000
0.000000 0.000000 0.000000
0.000000 0.000000 0.000000
1.399999 0.000000 0.440000
0.000000 0.490000 0.000000
-0.949999 -0.020000 0.080000
1.069999 0.874999 -0.160000
-2.199998 0.000000 0.000000
0.570000 0.000000 0.240000
-1.579999 0.000000 0.000000
0.000000 -18.800035 0.000000


1 0 0 3 0 0.000000 0.100001
0.000000 0.000000 0.000000
-0.410000 0.300000 0.000000
-0.060000 0.350000 0.000000
-0.110000 0.360000 -0.050000
-0.050000 -0.750000 0.000000
1.409999 1.879999 -0.260000
0.000000 -0.440000 0.000000
-0.999999 -0.810000 -0.040000
0.000000 0.100000 0.000000
0.000000 0.000000 0.000000
-0.190000 0.000000 0.740000
1.649999 -0.410000 -0.320000
0.000000 0.000000 0.000000
0.000000 0.000000 0.000000
0.000000 0.000000 0.000000
1.299999 0.000000 0.640000
-0.690000 0.000000 0.360000
0.110000 0.290000 -0.350000
0.699999 1.749999 -0.320000
-0.470000 0.000000 0.000000
-0.170000 0.000000 0.240000
-1.579999 0.000000 0.000000
0.000000 -18.800035 0.000000
0 0 0 0 0
0.000000 0.000000


0 0 0 40 0 0.000000 1.000000
0.000000 0.000000 0.000000
-0.410000 0.480000 -0.030000
-0.060000 0.350000 0.000000
-0.110000 0.360000 -0.050000
-0.050000 -0.750000 0.000000
1.409999 1.879999 -0.260000
0.000000 -0.440000 0.000000
-0.999999 -0.810000 -0.040000
0.000000 0.100000 0.000000
0.000000 0.000000 0.000000
-0.190000 0.000000 0.740000
1.649999 -0.410000 -0.320000
0.000000 0.000000 0.000000
0.000000 0.000000 0.000000
0.000000 0.000000 0.000000
1.529999 0.270000 0.640000
-0.690000 0.000000 0.360000
-0.160000 0.290000 -0.350000
1.029999 1.329999 -0.320000
-1.049999 0.000000 0.000000
0.210000 0.000000 0.060000
-1.579999 0.000000 0.000000
0.000000 -17.000029 0.000000


