15

data\MODEL\00_playerbodyD000.x
data\MODEL\01_playerbodyU000.x
data\MODEL\02_playerhead000.x
data\MODEL\03_playerarmUR000.x
data\MODEL\04_playerarmDR000.x
data\MODEL\05_playerhandR000.x
data\MODEL\06_playerarmUL000.x
data\MODEL\07_playerarmDL000.x
data\MODEL\08_playerhandL000.x
data\MODEL\09_playerlegUR000.x
data\MODEL\10_playerlegDR000.x
data\MODEL\11_playerfootR000.x
data\MODEL\12_playerlegUL000.x
data\MODEL\13_playerlegDL000.x
data\MODEL\14_playerfootL000.x

-1
0.00 25.00 0.00
0.00 0.00 0.00

0
0.00 7.50 0.00
0.00 0.00 0.00

1
0.00 13.00 0.00
0.00 0.00 0.00

1
-8.50 9.50 0.00
0.00 0.00 0.00

3
-10.50 0.00 0.00
0.00 0.00 0.00

4
-10.50 0.00 0.00
0.00 0.00 0.00

1
8.50 9.50 0.00
0.00 0.00 0.00

6
10.50 0.00 0.00
0.00 0.00 0.00

7
10.50 0.00 0.00
0.00 0.00 0.00

0
-3.00 -0.50 0.00
0.00 0.00 0.00

9
0.00 -10.50 0.00
0.00 0.00 0.00

10
0.00 -10.50 0.00
0.00 0.00 0.00

0
3.00 -0.50 0.00
0.00 0.00 0.00

12
0.00 -10.50 0.00
0.00 0.00 0.00

13
0.00 -10.50 0.00
0.00 0.00 0.00



6


1

2


60

0.00 -0.50 0.00
-0.03 0.00 0.00

0.00 0.00 0.00
-0.09 0.00 0.00

0.00 0.00 0.00
0.03 0.00 0.00

0.00 0.00 0.00
0.00 -0.03 1.14

0.00 0.00 0.00
0.00 -0.13 0.06

0.00 0.00 0.00
0.00 -0.22 0.03

0.00 0.00 0.00
0.00 -0.03 -1.14

0.00 0.00 0.00
0.00 0.13 -0.06

0.00 0.00 0.00
0.00 0.13 -0.03

0.00 0.00 0.00
0.13 0.00 -0.19

0.00 0.00 0.00
-0.13 -0.03 0.06

0.00 0.00 0.00
0.03 0.00 0.06

0.00 0.00 0.00
0.13 0.00 0.19

0.00 0.00 0.00
-0.13 0.03 -0.06

0.00 0.00 0.00
0.03 0.00 -0.06

60

0.00 -0.50 -1.50
-0.03 0.00 0.00

0.00 0.00 0.00
0.04 0.00 0.00

0.00 0.00 0.00
0.03 0.00 0.00

0.00 0.00 0.00
0.00 -0.03 0.82

0.00 0.00 0.00
0.00 -0.13 0.06

0.00 0.00 0.00
0.00 -0.22 0.03

0.00 0.00 0.00
0.00 -0.03 -0.82

0.00 0.00 0.00
0.00 0.13 -0.06

0.00 0.00 0.00
0.00 0.13 -0.03

0.00 0.00 0.00
0.13 0.00 -0.19

0.00 0.00 0.00
-0.13 -0.03 0.06

0.00 0.00 0.00
0.03 0.00 0.06

0.00 0.00 0.00
0.13 0.00 0.19

0.00 0.00 0.00
-0.13 0.03 -0.06

0.00 0.00 0.00
0.03 0.00 -0.06


1

4


8

0.00 1.00 -1.60
-0.28 -0.16 0.00

0.00 0.00 0.00
-0.28 -0.16 0.00

0.00 0.00 0.00
0.16 0.19 0.00

0.00 0.00 0.00
0.00 -0.38 0.03

0.00 0.00 0.00
0.50 0.00 1.23

0.00 0.00 0.00
0.00 -1.63 0.00

0.00 0.00 0.00
-0.31 -0.19 -0.03

0.00 0.00 0.00
0.00 0.00 -1.19

0.00 0.50 0.00
-0.00 0.91 -0.35

0.00 0.00 0.00
-0.25 0.00 0.00

0.00 0.00 0.00
-0.53 0.00 0.00

0.00 0.00 0.00
0.50 0.00 0.00

0.00 0.00 0.00
1.29 0.00 0.00

0.00 0.00 0.00
-0.79 0.00 0.00

0.00 0.00 0.00
0.16 0.00 0.00

10

0.00 -3.00 0.00
-0.28 -0.16 0.00

0.00 0.00 0.00
-0.28 -0.28 0.00

0.00 0.00 0.00
0.16 0.19 0.00

0.00 0.00 0.00
0.00 -0.47 0.03

0.00 0.00 0.00
0.69 -0.06 1.23

0.00 0.00 0.00
0.00 -1.63 0.25

0.00 0.50 0.00
-0.57 -0.47 -0.03

0.00 0.00 0.00
-0.13 0.00 -1.19

0.00 0.50 0.00
-0.00 0.69 -0.35

0.00 0.00 0.00
-0.50 0.00 0.00

0.00 0.00 0.00
-1.10 0.00 0.00

0.00 0.00 0.00
-0.50 0.00 0.00

0.00 0.00 0.00
0.85 0.00 0.00

0.00 0.00 0.00
-0.35 0.00 0.00

0.00 0.00 0.00
-0.44 0.00 0.00

8

0.00 1.00 -1.60
-0.28 0.16 0.00

0.00 0.00 0.00
-0.28 0.16 0.00

0.00 0.00 0.00
0.16 -0.19 0.00

0.00 0.00 0.00
-0.31 0.19 0.03

0.00 0.00 0.00
0.00 0.00 1.19

0.00 0.00 0.00
-0.00 -0.91 0.35

0.00 0.00 0.00
0.00 0.38 -0.03

0.00 0.00 0.00
0.50 0.00 -1.23

0.00 0.00 0.00
0.00 1.63 0.00

0.00 0.00 0.00
1.29 0.00 0.00

0.00 0.00 0.00
-0.79 0.00 0.00

0.00 0.00 0.00
0.16 0.00 0.00

0.00 0.00 0.00
-0.25 0.00 0.00

0.00 0.00 0.00
-0.53 0.00 0.00

0.00 0.00 0.00
-0.50 0.00 0.00

10

0.00 -3.00 0.00
-0.28 0.16 0.00

0.00 0.00 0.00
-0.28 0.28 0.00

0.00 0.00 0.00
0.16 -0.19 0.00

0.00 0.00 0.00
-0.57 0.47 0.03

0.00 0.00 0.00
-0.13 0.00 1.19

0.00 0.00 0.00
-0.00 -0.69 0.35

0.00 0.00 0.00
0.00 0.47 -0.03

0.00 0.50 0.00
0.69 0.06 -1.23

0.00 0.00 0.00
0.00 1.63 -0.25

0.00 0.50 0.00
0.85 0.00 0.00

0.00 0.00 0.00
-0.35 0.00 0.00

0.00 0.00 0.00
-0.44 0.00 0.00

0.00 0.00 0.00
-0.50 0.00 0.00

0.00 0.00 0.00
-1.10 0.00 0.00

0.00 0.00 0.00
-0.50 0.00 0.00


0

6


15

0.00 0.00 0.00
0.00 0.00 0.00

0.00 0.00 0.00
0.00 0.00 0.00

0.00 0.00 0.00
0.00 0.00 0.00

0.00 0.00 0.00
0.19 0.06 1.51

0.00 0.00 0.00
0.00 -0.50 0.06

0.00 0.00 0.00
0.00 -0.06 0.00

0.00 0.00 0.00
-0.69 0.00 -1.51

0.00 0.00 0.00
0.00 0.50 0.00

0.00 0.00 0.00
0.00 0.00 0.00

0.00 0.00 0.00
-0.38 0.00 0.00

0.00 0.00 0.00
0.06 0.00 0.00

0.00 0.00 0.00
0.00 0.00 0.00

0.00 0.00 0.00
0.38 0.00 0.00

0.00 0.00 0.00
-0.38 0.00 0.00

0.00 0.00 0.00
0.00 0.00 0.00

15

0.00 0.00 0.00
0.00 0.00 0.00

0.00 0.00 0.00
0.00 0.00 0.00

0.00 0.00 0.00
0.00 0.00 0.00

0.00 0.00 0.00
0.57 0.06 1.51

0.00 0.00 0.00
0.00 -1.51 0.06

0.00 0.00 0.00
0.00 -0.06 0.00

0.00 0.00 0.00
-0.75 0.00 -1.51

0.00 0.00 0.00
0.00 0.50 0.00

0.00 0.00 0.00
0.00 0.00 0.00

0.00 0.00 0.00
-0.44 0.00 0.00

0.00 0.00 0.00
-0.07 0.00 0.00

0.00 0.00 0.00
0.00 0.00 0.00

0.00 0.00 0.00
0.38 0.00 0.00

0.00 0.00 0.00
-0.13 0.00 0.00

0.00 0.00 0.00
0.00 0.00 0.00

15

0.00 0.00 0.00
0.00 0.00 0.00

0.00 0.00 0.00
0.00 0.00 0.00

0.00 0.00 0.00
0.00 0.00 0.00

0.00 0.00 0.00
0.57 0.06 1.51

0.00 0.00 0.00
0.00 -1.00 0.06

0.00 0.00 0.00
0.00 -0.06 0.00

0.00 0.00 0.00
-0.75 0.00 -1.51

0.00 0.00 0.00
0.00 0.50 0.00

0.00 0.00 0.00
0.00 0.00 0.00

0.00 0.00 0.00
-0.19 0.00 0.00

0.00 0.00 0.00
-0.00 0.00 0.00

0.00 0.00 0.00
0.00 0.00 0.00

0.00 0.00 0.00
0.32 0.00 0.00

0.00 0.00 0.00
-0.25 0.00 0.00

0.00 0.00 0.00
0.00 0.00 0.00

15

0.00 0.00 0.00
0.00 0.00 0.00

0.00 0.00 0.00
0.00 0.00 0.00

0.00 0.00 0.00
0.00 0.00 0.00

0.00 0.00 0.00
-0.50 0.06 1.51

0.00 0.00 0.00
-0.13 -0.63 0.06

0.00 0.00 0.00
0.00 -0.06 0.00

0.00 0.00 0.00
0.13 0.00 -1.51

0.00 0.00 0.00
0.00 0.88 0.00

0.00 0.00 0.00
0.00 0.00 0.00

0.00 0.00 0.00
0.25 0.00 0.00

0.00 0.00 0.00
-0.38 0.00 0.00

0.00 0.00 0.00
0.00 0.00 0.00

0.00 0.00 0.00
-0.25 0.00 0.00

0.00 0.00 0.00
-0.07 0.00 0.00

0.00 0.00 0.00
0.00 0.00 0.00

15

0.00 0.00 0.00
0.00 0.00 0.00

0.00 0.00 0.00
0.00 0.00 0.00

0.00 0.00 0.00
0.00 0.00 0.00

0.00 0.00 0.00
-0.81 0.06 1.51

0.00 0.00 0.00
-0.13 -0.63 0.06

0.00 0.00 0.00
0.00 -0.06 0.00

0.00 0.00 0.00
0.51 0.00 -1.51

0.00 0.00 0.00
0.00 1.51 0.00

0.00 0.00 0.00
0.00 0.00 0.00

0.00 0.00 0.00
0.25 0.00 0.00

0.00 0.00 0.00
-0.07 0.00 0.00

0.00 0.00 0.00
0.00 0.00 0.00

0.00 0.00 0.00
-0.32 0.00 0.00

0.00 0.00 0.00
-0.07 0.00 0.00

0.00 0.00 0.00
0.00 0.00 0.00

15

0.00 0.00 0.00
0.00 0.00 0.00

0.00 0.00 0.00
0.00 0.00 0.00

0.00 0.00 0.00
0.00 0.00 0.00

0.00 0.00 0.00
0.19 0.06 1.51

0.00 0.00 0.00
-0.13 -0.63 0.06

0.00 0.00 0.00
0.00 -0.06 0.00

0.00 0.00 0.00
-0.25 0.00 -1.51

0.00 0.00 0.00
0.00 0.88 0.00

0.00 0.00 0.00
0.00 0.00 0.00

0.00 0.00 0.00
-0.01 0.00 0.00

0.00 0.00 0.00
-0.25 0.00 0.00

0.00 0.00 0.00
0.00 0.00 0.00

0.00 0.00 0.00
0.31 0.00 0.00

0.00 0.00 0.00
-0.32 0.00 0.00

0.00 0.00 0.00
0.00 0.00 0.00


0

12


3

0.00 -2.10 0.00
-0.19 0.00 0.00

0.00 0.00 0.00
-0.13 0.00 0.00

0.00 0.00 0.00
-0.06 0.00 0.00

0.00 0.00 0.00
-0.19 -1.38 1.38

0.00 0.00 0.00
-0.19 -0.19 -1.44

0.00 0.00 0.00
0.00 0.00 0.00

0.00 0.00 0.00
-0.76 0.00 -1.38

0.00 0.00 0.00
-0.00 1.82 0.06

0.00 0.00 0.00
0.00 0.00 0.00

0.00 0.00 0.00
-0.25 0.00 0.00

0.00 0.00 0.00
-0.06 0.00 0.00

0.00 0.00 0.00
-0.25 0.00 0.00

0.00 0.00 0.00
1.38 0.00 0.00

0.00 0.00 0.00
-1.70 0.00 0.00

0.00 0.00 0.00
-0.00 0.00 0.00

3

0.00 -1.60 0.00
-0.19 0.00 0.00

0.00 0.00 0.00
-0.07 0.00 0.00

0.00 0.00 0.00
-0.06 0.00 0.00

0.00 0.00 0.00
-0.13 -1.38 1.13

0.00 0.00 0.00
-0.19 0.00 -1.50

0.00 0.00 0.00
0.00 0.00 0.00

0.80 0.50 0.40
-1.01 0.00 -1.38

0.00 0.00 0.00
0.06 1.82 0.06

0.00 0.00 0.00
0.00 0.00 0.00

0.00 0.00 0.00
-0.44 0.00 0.00

0.00 0.00 0.00
-0.06 0.00 0.00

0.00 0.00 0.00
-0.25 0.00 0.00

0.00 0.00 0.00
1.31 0.00 0.00

0.00 0.90 0.00
-0.95 0.00 0.00

0.00 0.00 0.00
0.12 0.00 0.00

3

0.00 -1.00 0.00
-0.19 0.00 0.00

0.00 0.00 0.00
-0.07 0.00 0.00

0.00 0.00 0.00
-0.06 -0.00 0.00

0.00 0.00 0.00
-0.13 -1.44 0.81

0.00 0.00 0.00
-0.19 -0.13 -1.25

0.00 0.00 0.00
0.00 0.00 0.00

0.00 0.00 0.00
-1.26 0.00 -1.38

0.00 0.00 0.00
-0.13 1.88 0.06

0.00 0.00 0.00
0.00 0.00 0.00

0.00 0.00 0.00
-0.50 0.00 0.00

0.00 0.00 0.00
-0.38 0.00 0.00

0.00 0.00 0.00
-0.38 0.00 0.00

0.00 0.00 0.00
0.88 0.00 0.00

0.00 0.00 0.00
-0.13 0.00 0.00

0.00 0.00 0.00
0.12 0.00 0.00

3

0.00 -1.80 0.00
-0.19 0.00 0.00

0.00 0.00 0.00
-0.13 0.00 0.00

-0.10 0.00 0.00
-0.06 0.00 0.00

0.00 0.00 0.00
-0.19 -1.38 1.19

0.00 0.00 0.00
-0.19 0.00 -1.56

0.00 0.00 0.00
0.00 0.25 0.00

0.00 0.00 0.00
-0.89 0.06 -1.38

0.00 0.00 0.00
-0.13 1.83 0.06

0.00 0.00 0.00
0.00 0.00 0.00

0.00 0.00 0.00
-0.06 0.00 0.00

0.00 0.00 0.00
-1.13 0.00 0.00

0.00 0.00 0.00
-0.38 0.00 0.00

0.00 0.00 0.00
0.56 0.00 0.00

0.00 0.00 0.00
-0.44 0.00 0.00

0.00 0.00 0.00
0.12 0.00 0.00

3

0.00 -2.10 0.00
-0.19 0.00 0.00

0.00 0.00 0.00
-0.13 0.00 0.00

0.00 0.00 0.00
-0.06 0.00 0.00

0.00 0.00 0.00
-0.25 -1.38 1.57

0.00 0.00 0.00
-0.19 0.00 -1.63

0.00 0.00 0.00
0.00 0.00 0.00

0.00 0.00 0.00
-0.69 0.06 -1.38

0.00 0.00 0.00
-0.13 1.83 0.06

0.00 0.00 0.00
0.00 0.00 0.00

0.00 0.00 0.00
0.19 0.00 0.00

0.00 0.00 0.00
-1.13 0.00 0.00

0.00 0.00 0.00
-0.38 0.00 0.00

0.00 0.00 0.00
0.43 0.00 0.00

0.00 0.00 0.00
-0.69 0.00 0.00

0.00 0.00 0.00
0.25 0.00 0.00

3

0.00 -2.10 0.00
-0.19 0.00 0.00

0.00 0.00 0.00
-0.13 0.00 0.00

0.00 0.00 0.00
-0.06 -0.00 0.00

0.00 0.00 0.00
-0.25 -1.38 2.01

0.00 0.00 0.00
-0.19 0.00 -1.82

0.00 0.00 0.00
0.00 0.00 0.00

0.00 0.00 0.00
-0.38 0.06 -1.38

0.00 0.00 0.00
-0.13 1.89 0.06

0.00 0.00 0.00
0.00 0.00 0.00

0.00 0.00 0.00
0.88 0.00 0.00

0.00 0.00 0.00
-1.63 0.00 0.00

0.00 0.00 0.00
-0.38 0.00 0.00

0.00 0.00 0.00
0.31 0.00 0.00

0.00 0.00 0.00
-0.69 0.00 0.00

0.00 0.00 0.00
0.12 0.00 0.00

3

0.00 -2.10 0.00
-0.19 0.00 0.00

0.00 0.00 0.00
-0.07 0.00 0.00

0.00 0.00 0.00
-0.06 0.00 0.00

0.00 0.00 0.00
-0.25 -1.38 2.19

0.00 0.00 0.00
-0.19 0.00 -1.75

0.00 0.00 0.00
0.00 0.00 0.00

0.00 0.00 0.00
-0.00 0.06 -1.38

0.00 0.00 0.00
-0.07 1.76 0.06

0.00 0.00 0.00
0.00 0.00 0.00

0.00 0.00 0.00
1.26 0.00 0.00

0.00 0.00 0.00
-1.63 0.00 0.00

0.00 0.00 0.00
0.06 0.00 0.00

0.00 0.00 0.00
-0.07 0.00 0.00

0.00 0.00 0.00
-0.38 0.00 0.00

0.00 0.00 0.00
0.06 0.00 0.00

3

0.00 -1.60 0.00
-0.19 0.00 0.00

0.00 0.00 0.00
-0.07 0.00 0.00

0.00 0.00 0.00
-0.06 0.00 0.00

0.00 0.00 0.00
-0.25 -1.38 2.45

0.00 0.00 0.00
-0.19 0.00 -1.81

0.00 0.00 0.00
0.00 0.00 0.00

0.00 0.00 0.00
0.12 0.06 -1.38

0.00 0.00 0.00
-0.13 1.83 0.06

0.00 0.00 0.00
0.00 0.00 0.00

0.00 0.00 0.00
0.95 0.00 0.00

0.00 0.00 0.00
-0.56 0.00 0.00

0.00 0.00 0.00
0.06 0.00 0.00

0.00 0.00 0.00
-0.32 0.00 0.00

0.00 0.00 0.00
-0.38 0.00 0.00

0.00 0.00 0.00
-0.19 0.00 0.00

3

0.00 -1.00 0.00
-0.19 0.00 0.00

0.00 0.00 0.00
-0.00 -0.00 0.00

0.00 0.00 0.00
-0.06 0.00 0.00

0.00 0.00 0.00
-0.25 -1.38 2.89

0.00 0.00 0.00
-0.19 0.00 -1.81

0.00 0.00 0.00
0.00 0.00 0.00

0.00 0.00 0.00
0.44 0.06 -1.38

0.00 0.00 0.00
-0.13 1.64 0.06

0.00 0.00 0.00
0.00 0.06 0.00

0.00 0.00 0.00
0.95 0.00 0.00

0.00 0.00 0.00
-0.12 0.00 0.00

0.00 0.00 0.00
0.19 0.00 0.00

0.00 0.00 0.00
-0.32 0.00 0.00

0.00 0.00 0.00
-0.57 0.00 0.00

0.00 0.00 0.00
-0.38 0.00 0.00

3

0.00 -1.80 0.00
-0.19 0.00 0.00

0.00 0.00 0.00
-0.07 0.00 0.00

0.00 0.00 0.00
-0.06 0.00 0.00

0.00 0.00 0.00
-0.25 -1.38 2.45

0.00 0.00 0.00
-0.19 0.00 -1.81

0.00 0.00 0.00
0.00 0.00 0.00

0.00 0.00 0.00
0.06 0.06 -1.38

0.00 0.00 0.00
-0.13 1.64 0.06

0.00 0.00 0.00
0.00 0.31 0.00

0.00 0.00 0.00
0.63 0.00 0.00

0.00 0.00 0.00
-0.19 0.00 0.00

0.00 0.00 0.00
-0.00 0.00 0.00

0.00 0.00 0.00
-0.07 0.00 0.00

0.00 0.00 0.00
-0.94 0.00 0.00

0.00 0.00 0.00
-0.38 0.00 0.00

3

0.00 -2.10 0.00
-0.19 0.00 0.00

0.00 0.00 0.00
-0.13 0.00 0.00

0.00 0.00 0.00
-0.06 0.00 0.00

0.00 0.00 0.00
-0.25 -1.38 2.20

0.00 0.00 0.00
-0.19 0.00 -1.81

0.00 0.00 0.00
0.00 0.00 0.00

0.00 0.00 0.00
-0.31 0.06 -1.38

0.00 0.00 0.00
-0.13 1.64 0.06

0.00 0.00 0.00
0.00 0.31 0.00

0.00 0.00 0.00
0.13 0.00 0.00

0.00 0.00 0.00
-0.25 0.00 0.00

0.00 0.00 0.00
0.19 0.00 0.00

0.00 0.00 0.00
0.37 0.00 0.00

0.00 0.00 0.00
-1.45 0.00 0.00

0.00 0.00 0.00
-0.38 0.00 0.00

3

0.00 -2.10 0.00
-0.19 0.00 0.00

0.00 0.00 0.00
-0.13 0.00 0.00

0.00 0.00 0.00
-0.06 -0.00 0.00

0.00 0.00 0.00
-0.25 -1.38 1.94

0.00 0.00 0.00
-0.19 0.00 -1.81

0.00 0.00 0.00
0.00 0.00 0.00

0.00 0.00 0.00
-0.57 0.06 -1.38

0.00 0.00 0.00
-0.13 1.64 0.06

0.00 0.00 0.00
0.00 0.31 0.00

0.00 0.00 0.00
-0.06 0.00 0.00

0.00 0.00 0.00
-0.25 0.00 0.00

0.00 0.00 0.00
0.19 0.00 0.00

0.00 0.00 0.00
1.00 0.00 0.00

0.00 0.00 0.00
-1.57 0.00 0.00

0.00 0.00 0.00
-0.32 0.00 0.00


0

4


60

0.00 0.00 0.00
-0.06 0.00 0.00

0.00 0.00 0.00
-0.38 0.00 0.00

0.00 0.00 0.00
0.00 0.00 0.00

0.00 0.00 0.00
0.00 -1.70 0.63

0.00 0.00 0.00
0.00 0.00 0.00

0.00 0.00 0.00
0.00 0.00 0.00

0.00 0.00 0.00
-0.13 1.51 -2.20

0.00 0.00 0.00
0.00 0.00 0.19

0.00 0.00 0.00
0.00 0.00 0.00

0.00 0.00 0.00
0.38 0.00 0.00

0.00 0.00 0.00
-0.19 0.00 0.00

0.00 0.00 0.00
0.00 0.00 0.00

0.00 0.00 0.00
0.00 0.00 0.00

0.00 0.00 0.00
0.00 0.00 0.00

0.00 0.00 0.00
0.00 0.00 0.00

60

0.00 0.00 0.00
-0.06 0.00 0.00

0.00 0.00 0.00
-1.38 0.00 0.00

0.00 0.00 0.00
0.00 0.00 0.00

0.00 0.00 0.00
-0.06 -1.70 0.06

0.00 0.00 0.00
0.00 0.00 0.00

0.00 0.00 0.00
0.00 0.00 0.00

0.00 0.00 0.00
-0.13 1.51 -1.82

0.00 0.00 0.00
0.00 0.00 0.50

0.00 0.00 0.00
0.00 0.00 0.00

0.00 0.00 0.00
0.38 0.00 0.00

0.00 0.00 0.00
-0.19 0.00 0.00

0.00 0.00 0.00
0.00 0.00 0.00

0.00 0.00 0.00
0.00 0.00 0.00

0.00 0.00 0.00
0.00 0.00 0.00

0.00 0.00 0.00
0.00 0.00 0.00

60

0.00 0.00 0.00
-0.06 0.00 0.00

0.00 0.00 0.00
-0.44 0.00 0.00

0.00 0.00 0.00
0.00 0.00 0.00

0.00 0.00 0.00
0.00 -1.70 0.63

0.00 0.00 0.00
0.00 0.00 0.00

0.00 0.00 0.00
0.00 0.00 0.00

0.00 0.00 0.00
-0.13 1.51 -2.20

0.00 0.00 0.00
0.00 0.00 0.19

0.00 0.00 0.00
0.00 0.00 0.00

0.00 0.00 0.00
0.38 0.00 0.00

0.00 0.00 0.00
-0.19 0.00 0.00

0.00 0.00 0.00
0.00 0.00 0.00

0.00 0.00 0.00
0.00 0.00 0.00

0.00 0.00 0.00
0.00 0.00 0.00

0.00 0.00 0.00
0.00 0.00 0.00

60

0.00 0.00 0.00
-0.06 0.00 0.00

0.00 0.00 0.00
-0.00 0.00 0.00

0.00 0.00 0.00
0.00 0.00 0.00

0.00 0.00 0.00
0.00 -1.57 1.01

0.00 0.00 0.00
0.00 0.00 -0.13

0.00 0.00 0.00
0.00 0.00 0.00

0.00 0.00 0.00
-0.13 1.51 -1.88

0.00 0.00 0.00
0.00 0.00 0.19

0.00 0.00 0.00
0.00 0.00 0.00

0.00 0.00 0.00
0.38 0.00 0.00

0.00 0.00 0.00
-0.19 0.00 0.00

0.00 0.00 0.00
0.00 0.00 0.00

0.00 0.00 0.00
0.00 0.00 0.00

0.00 0.00 0.00
0.00 0.00 0.00

0.00 0.00 0.00
0.00 0.00 0.00


1

6


10

0.00 0.00 0.00
0.00 0.00 0.00

0.00 0.00 0.00
0.00 0.00 0.00

0.00 0.00 0.00
0.00 0.00 0.00

0.00 0.00 0.00
0.00 -1.57 1.45

0.00 0.00 0.00
0.00 0.00 -1.57

0.00 0.00 0.00
0.00 0.00 0.00

0.00 0.00 0.00
0.00 1.57 -2.01

0.00 0.00 0.00
0.00 0.00 0.50

0.00 0.00 0.00
0.00 0.00 0.00

0.00 0.00 0.00
-0.13 0.00 0.00

0.00 0.00 0.00
-0.06 0.00 0.00

0.00 0.00 0.00
0.00 0.00 0.00

0.00 0.00 0.00
0.31 0.00 0.00

0.00 0.00 0.00
-0.25 0.00 0.00

0.00 0.00 0.00
0.00 0.00 0.00

10

0.00 0.50 0.00
0.00 0.00 0.00

0.00 0.00 0.00
0.00 0.00 0.00

0.00 0.00 0.00
0.00 0.00 0.00

0.00 0.10 0.00
0.00 -1.57 1.19

0.00 0.00 0.00
0.00 0.00 -1.57

0.00 0.00 0.00
0.00 0.00 0.00

0.00 0.00 0.00
0.00 1.57 -2.26

0.00 0.00 0.00
0.00 0.00 0.38

0.00 0.00 0.00
0.00 0.00 0.00

0.00 0.00 0.00
-0.25 0.00 0.00

0.00 0.00 0.00
-0.31 0.00 0.00

0.00 0.00 0.00
0.00 0.00 0.00

0.00 0.00 0.00
0.57 0.00 0.00

0.00 0.00 0.00
-0.00 0.00 0.00

0.00 0.00 0.00
0.00 0.00 0.00

10

0.00 0.00 0.00
0.00 0.00 0.00

0.00 0.00 0.00
0.00 0.00 0.00

0.00 0.00 0.00
0.00 0.00 0.00

0.00 0.00 0.00
0.00 -1.57 1.57

0.00 0.00 0.00
0.00 0.00 -1.07

0.00 0.00 0.00
0.00 0.00 0.00

0.00 0.00 0.00
0.00 1.57 -2.01

0.00 0.00 0.00
0.00 0.00 0.75

0.00 0.00 0.00
0.00 0.00 0.00

0.00 0.00 0.00
-0.00 0.00 0.00

0.00 0.00 0.00
-0.19 0.00 0.00

0.00 0.00 0.00
0.00 0.00 0.00

0.00 0.00 0.00
0.31 0.00 0.00

0.00 0.00 0.00
-0.38 0.00 0.00

0.00 0.00 0.00
0.00 0.00 0.00

10

0.00 0.00 0.00
0.00 0.00 0.00

0.00 0.00 0.00
0.00 0.00 0.00

0.00 0.00 0.00
0.00 0.00 0.00

0.00 0.00 0.00
0.00 -1.57 1.95

0.00 0.00 0.00
0.00 0.00 -0.88

0.00 0.00 0.00
0.00 0.00 0.00

0.00 0.00 0.00
0.00 1.57 -1.57

0.00 0.00 0.00
0.00 0.00 0.75

0.00 0.00 0.00
0.00 0.00 0.00

0.00 0.00 0.00
0.31 0.00 0.00

0.00 0.00 0.00
-0.31 0.00 0.00

0.00 0.00 0.00
0.00 0.00 0.00

0.00 0.00 0.00
-0.13 0.00 0.00

0.00 0.00 0.00
-0.13 0.00 0.00

0.00 0.00 0.00
0.00 0.00 0.00

10

0.00 0.50 0.00
0.00 0.00 0.00

0.00 0.00 0.00
0.00 0.00 0.00

0.00 0.00 0.00
0.00 0.00 0.00

0.00 0.00 0.00
0.00 -1.57 2.14

0.00 0.00 0.00
0.00 0.00 -0.38

0.00 0.00 0.00
0.00 0.00 0.00

0.00 0.00 0.00
0.00 1.57 -1.26

0.00 0.00 0.00
0.00 0.00 1.57

0.00 0.00 0.00
0.00 0.00 0.00

0.00 0.00 0.00
0.63 0.00 0.00

0.00 0.00 0.00
-0.06 0.00 0.00

0.00 0.00 0.00
0.00 0.00 0.00

0.00 0.00 0.00
-0.25 0.00 0.00

0.00 0.00 0.00
-0.31 0.00 0.00

0.00 0.00 0.00
0.00 0.00 0.00

10

0.00 0.00 0.00
0.00 0.00 0.00

0.00 0.00 0.00
0.00 0.00 0.00

0.00 0.00 0.00
0.00 0.00 0.00

0.00 0.00 0.00
0.00 -1.57 1.76

0.00 0.00 0.00
0.00 0.00 -0.44

0.00 0.00 0.00
0.00 0.00 0.00

0.00 0.00 0.00
0.00 1.57 -1.63

0.00 0.00 0.00
0.00 0.00 1.07

0.00 0.00 0.00
0.00 0.00 0.00

0.00 0.00 0.00
0.25 0.00 0.00

0.00 0.00 0.00
-0.19 0.00 0.00

0.00 0.00 0.00
0.00 0.00 0.00

0.00 0.00 0.00
-0.13 0.00 0.00

0.00 0.00 0.00
-0.19 0.00 0.00

0.00 0.00 0.00
0.00 0.00 0.00
