171
 data//MODEL//Brock.x

-825.000 -50.000 825.000
1 1
0
 
-825.000 -50.000 775.000
1 2
0
 
-825.000 -50.000 725.000
1 3
0
 
-775.000 -50.000 825.000
2 1
0
 
-725.000 -50.000 775.000
3 2
0
 
-775.000 -50.000 725.000
2 3
0
 
-725.000 -50.000 825.000
3 1
0
 
-725.000 -50.000 775.000
3 2
0
 
-725.000 -50.000 725.000
3 3
0
 
-625.000 -50.000 825.000
5 1
0
 
-625.000 -50.000 775.000
5 2
0
 
-575.000 -50.000 825.000
6 1
0
 
-575.000 -50.000 775.000
6 2
0
 
-525.000 -50.000 825.000
7 1
0
 
-525.000 -50.000 775.000
7 2
0
 
-475.000 -50.000 825.000
8 1
0
 
-475.000 -50.000 775.000
8 2
0
 
-425.000 -50.000 825.000
9 1
0
 
-425.000 -50.000 775.000
9 2
0
 
-375.000 -50.000 825.000
10 1
0
 
-375.000 -50.000 775.000
10 2
0
 
-325.000 -50.000 825.000
11 1
0
 
-325.000 -50.000 775.000
11 2
0
 
-275.000 -50.000 825.000
12 1
0
 
-275.000 -50.000 775.000
12 2
0
 
-425.000 -50.000 725.000
9 3
0
 
-375.000 -50.000 725.000
10 3
0
 
-425.000 -50.000 675.000
9 4
0
 
-375.000 -50.000 675.000
10 4
0
 
-425.000 -50.000 625.000
9 5
0
 
-375.000 -50.000 625.000
10 5
0
 
-425.000 -50.000 575.000
9 6
0
 
-375.000 -50.000 575.000
10 6
0
 
-425.000 -50.000 525.000
9 7
0
 
-375.000 -50.000 525.000
10 7
0
 
-275.000 -25.000 575.000
12 6
0
 
-275.000 -25.000 525.000
12 7
0
 
-275.000 -25.000 475.000
12 8
0
 
-275.000 -25.000 425.000
12 9
0
 
-275.000 -25.000 375.000
12 10
0
 
-225.000 -25.000 575.000
13 6
0
 
-225.000 -25.000 525.000
13 7
0
 
-225.000 -25.000 475.000
13 8
0
 
-225.000 -25.000 425.000
13 9
0
 
-225.000 -25.000 375.000
13 10
0
 
-175.000 -25.000 575.000
14 6
0
 
-175.000 -25.000 525.000
14 7
0
 
-175.000 -25.000 475.000
14 8
0
 
-175.000 -25.000 425.000
14 9
0
 
-175.000 -25.000 375.000
14 10
0
 
-125.000 -25.000 575.000
15 6
0
 
-125.000 -25.000 525.000
15 7
0
 
-125.000 -25.000 475.000
15 8
0
 
-125.000 -25.000 425.000
15 9
0
 
-125.000 -25.000 375.000
15 10
0
 
-75.000 -25.000 575.000
16 6
0
 
-75.000 -25.000 525.000
16 7
0
 
-75.000 -25.000 475.000
16 8
0
 
-75.000 -25.000 425.000
16 9
0
 
-75.000 -25.000 375.000
16 10
0
 
-25.000 -25.000 575.000
17 6
0
 
-25.000 -25.000 525.000
17 7
0
 
-25.000 -25.000 475.000
17 8
0
 
-25.000 -25.000 425.000
17 9
0
 
-25.000 -25.000 375.000
17 10
0
 
-175.000 75.000 475.000
14 8
0
 
-125.000 75.000 475.000
15 8
0
 
-25.000 -25.000 125.000
17 15
0
 
-25.000 -25.000 75.000
17 16
0
 
-75.000 -25.000 125.000
16 15
0
 
-75.000 -25.000 75.000
16 16
0
 
-125.000 -25.000 125.000
15 15
0
 
-125.000 -25.000 75.000
15 16
0
 
-225.000 0.000 75.000
13 16
0
 
-325.000 25.000 75.000
11 16
0
 
-425.000 50.000 125.000
9 15
0
 
-425.000 50.000 75.000
9 16
0
 
-475.000 50.000 125.000
8 15
0
 
-475.000 50.000 75.000
8 16
0
 
-575.000 50.000 125.000
6 15
0
 
-575.000 50.000 75.000
6 16
0
 
-625.000 50.000 125.000
5 15
0
 
-625.000 50.000 75.000
5 16
0
 
-675.000 50.000 125.000
4 15
0
 
-675.000 50.000 75.000
4 16
0
 
-725.000 50.000 125.000
3 15
0
 
-725.000 50.000 75.000
3 16
0
 
-775.000 50.000 125.000
2 15
0
 
-775.000 50.000 75.000
2 16
0
 
-775.000 50.000 175.000
2 14
0
 
-625.000 50.000 25.000
5 17
0
 
-725.000 50.000 175.000
3 14
0
 
-675.000 50.000 175.000
4 14
0
 
-675.000 50.000 225.000
4 13
0
 
-725.000 50.000 225.000
3 13
0
 
-775.000 50.000 225.000
2 13
0
 
-675.000 50.000 25.000
4 17
0
 
-625.000 50.000 -175.000
5 21
0
 
-675.000 50.000 -175.000
4 21
0
 
-475.000 50.000 -175.000
8 21
0
 
-475.000 50.000 -225.000
8 22
0
 
-425.000 50.000 -175.000
9 21
0
 
-425.000 50.000 -225.000
9 22
0
 
-375.000 50.000 -175.000
10 21
0
 
-375.000 50.000 -225.000
10 22
0
 
-375.000 50.000 -275.000
10 23
0
 
-325.000 50.000 -175.000
11 21
0
 
-325.000 50.000 -225.000
11 22
0
 
-325.000 50.000 -275.000
11 23
0
 
-275.000 50.000 -175.000
12 21
0
 
-275.000 50.000 -225.000
12 22
0
 
-275.000 50.000 -275.000
12 23
0
 
-225.000 50.000 -175.000
13 21
0
 
-225.000 50.000 -225.000
13 22
0
 
-225.000 50.000 -275.000
13 23
0
 
-175.000 50.000 -225.000
14 22
0
 
-175.000 50.000 -175.000
14 21
0
 
-125.000 50.000 -175.000
15 21
0
 
325.000 50.000 -175.000
24 21
0
 
325.000 50.000 -225.000
24 22
0
 
375.000 50.000 -175.000
25 21
0
 
375.000 50.000 -225.000
25 22
0
 
425.000 50.000 -175.000
26 21
0
 
425.000 50.000 -225.000
26 22
0
 
425.000 50.000 -275.000
26 23
0
 
425.000 50.000 -325.000
26 24
0
 
475.000 50.000 -175.000
27 21
0
 
475.000 50.000 -225.000
27 22
0
 
475.000 50.000 -275.000
27 23
0
 
475.000 50.000 -325.000
27 24
0
 
525.000 50.000 -175.000
28 21
0
 
525.000 50.000 -225.000
28 22
0
 
525.000 50.000 -275.000
28 23
0
 
525.000 50.000 -325.000
28 24
0
 
575.000 50.000 -175.000
29 21
0
 
575.000 50.000 -225.000
29 22
0
 
575.000 50.000 -275.000
29 23
0
 
575.000 50.000 -325.000
29 24
0
 
625.000 50.000 -175.000
30 21
0
 
625.000 50.000 -225.000
30 22
0
 
625.000 50.000 -275.000
30 23
0
 
625.000 50.000 -325.000
30 24
0
 
675.000 50.000 -175.000
31 21
0
 
675.000 50.000 -225.000
31 22
0
 
675.000 50.000 -275.000
31 23
0
 
675.000 50.000 -325.000
31 24
0
 
675.000 50.000 -375.000
31 25
0
 
625.000 50.000 -375.000
30 25
0
 
675.000 50.000 -425.000
31 26
0
 
625.000 50.000 -425.000
30 26
0
 
625.000 50.000 -475.000
30 27
0
 
675.000 50.000 -475.000
31 27
0
 
175.000 50.000 -575.000
21 29
0
 
175.000 50.000 -625.000
21 30
0
 
175.000 50.000 -675.000
21 31
0
 
125.000 50.000 -675.000
20 31
0
 
125.000 50.000 -625.000
20 30
0
 
125.000 50.000 -575.000
20 29
0
 
75.000 50.000 -575.000
19 29
0
 
75.000 50.000 -625.000
19 30
0
 
75.000 50.000 -675.000
19 31
0
 
25.000 50.000 -575.000
18 29
0
 
25.000 50.000 -625.000
18 30
0
 
25.000 50.000 -675.000
18 31
0
 
-25.000 50.000 -575.000
17 29
0
 
-25.000 50.000 -625.000
17 30
0
 
-25.000 50.000 -675.000
17 31
0
 
-75.000 50.000 -575.000
16 29
0
 
-75.000 50.000 -625.000
16 30
0
 
-125.000 50.000 -575.000
15 29
0
 
-125.000 50.000 -625.000
15 30
0
 