267


1 0
-50.00
0 
0 
-0.00 
0.00 
0 
0 
0.00 0.00 0.00

1 1
-50.00
0 
0 
1.50 
0.00 
0 
0 
0.00 0.00 0.00

1 2
-50.00
0 
0 
1.50 
0.00 
0 
0 
0.00 0.00 0.00

2 0
-50.00
0 
0 
1.50 
0.00 
0 
0 
0.00 0.00 0.00

2 1
-50.00
0 
0 
1.50 
0.00 
0 
0 
0.00 0.00 0.00

2 2
-50.00
0 
0 
1.50 
0.00 
0 
0 
0.00 0.00 0.00

3 0
-50.00
0 
0 
1.50 
0.00 
0 
0 
0.00 0.00 0.00

3 1
-50.00
0 
0 
1.50 
0.00 
0 
0 
0.00 0.00 0.00

3 2
-50.00
0 
0 
1.50 
0.00 
0 
0 
0.00 0.00 0.00

5 1
-50.00
0 
0 
1.50 
0.00 
0 
0 
0.00 0.00 0.00

5 2
-50.00
0 
0 
1.50 
0.00 
0 
0 
0.00 0.00 0.00

6 1
-50.00
0 
0 
1.50 
0.00 
0 
0 
0.00 0.00 0.00

6 2
-50.00
0 
0 
1.50 
0.00 
0 
0 
0.00 0.00 0.00

7 1
-50.00
0 
0 
1.50 
0.00 
0 
0 
0.00 0.00 0.00

7 2
-50.00
0 
0 
1.50 
0.00 
0 
0 
0.00 0.00 0.00

8 1
-50.00
0 
0 
1.50 
0.00 
0 
0 
0.00 0.00 0.00

8 2
-50.00
0 
0 
1.50 
0.00 
0 
0 
0.00 0.00 0.00

9 1
-50.00
0 
0 
1.50 
0.00 
0 
0 
0.00 0.00 0.00

9 2
-50.00
0 
0 
1.50 
0.00 
0 
0 
0.00 0.00 0.00

10 1
-50.00
0 
0 
1.50 
0.00 
0 
0 
0.00 0.00 0.00

10 2
-50.00
0 
0 
1.50 
0.00 
0 
0 
0.00 0.00 0.00

11 1
-50.00
0 
0 
1.50 
0.00 
0 
0 
0.00 0.00 0.00

11 2
-50.00
0 
0 
1.50 
0.00 
0 
0 
0.00 0.00 0.00

12 1
-50.00
0 
0 
1.50 
0.00 
0 
0 
0.00 0.00 0.00

12 2
-50.00
0 
0 
1.50 
0.00 
0 
0 
0.00 0.00 0.00

9 3
-50.00
0 
0 
1.50 
0.00 
0 
0 
0.00 0.00 0.00

10 3
-50.00
0 
0 
1.50 
0.00 
0 
0 
0.00 0.00 0.00

9 4
-50.00
0 
0 
1.50 
0.00 
0 
0 
0.00 0.00 0.00

10 4
-50.00
0 
0 
1.50 
0.00 
0 
0 
0.00 0.00 0.00

9 5
-50.00
0 
0 
1.50 
0.00 
0 
0 
0.00 0.00 0.00

10 5
-50.00
0 
0 
1.50 
0.00 
0 
0 
0.00 0.00 0.00

9 6
-50.00
0 
0 
1.50 
0.00 
0 
0 
0.00 0.00 0.00

10 6
-50.00
0 
0 
1.50 
0.00 
0 
0 
0.00 0.00 0.00

9 7
-50.00
0 
0 
1.50 
0.00 
0 
0 
0.00 0.00 0.00

10 7
-50.00
0 
0 
1.50 
0.00 
0 
0 
0.00 0.00 0.00

12 6
375.00
0 
0 
1.50 
0.00 
0 
0 
0.00 0.00 0.00

12 7
375.00
0 
0 
1.50 
0.00 
0 
0 
0.00 0.00 0.00

12 8
375.00
0 
0 
1.50 
0.00 
0 
0 
0.00 0.00 0.00

12 9
375.00
0 
0 
1.50 
0.00 
0 
0 
0.00 0.00 0.00

12 10
375.00
0 
0 
1.50 
0.00 
0 
0 
0.00 0.00 0.00

13 6
375.00
0 
0 
1.50 
0.00 
0 
0 
0.00 0.00 0.00

13 7
375.00
0 
0 
1.50 
0.00 
0 
0 
0.00 0.00 0.00

13 8
375.00
0 
0 
1.50 
0.00 
0 
0 
0.00 0.00 0.00

13 9
375.00
0 
0 
1.50 
0.00 
0 
0 
0.00 0.00 0.00

13 10
375.00
0 
0 
1.50 
0.00 
0 
0 
0.00 0.00 0.00

14 6
375.00
0 
0 
1.50 
0.00 
0 
0 
0.00 0.00 0.00

14 7
375.00
0 
0 
1.50 
0.00 
0 
0 
0.00 0.00 0.00

14 8
375.00
0 
0 
1.50 
0.00 
0 
0 
0.00 0.00 0.00

14 9
375.00
0 
0 
1.50 
0.00 
0 
0 
0.00 0.00 0.00

14 10
375.00
0 
0 
1.50 
0.00 
0 
0 
0.00 0.00 0.00

15 6
375.00
0 
0 
1.50 
0.00 
0 
0 
0.00 0.00 0.00

15 7
375.00
0 
0 
1.50 
0.00 
0 
0 
0.00 0.00 0.00

15 8
375.00
0 
0 
1.50 
0.00 
0 
0 
0.00 0.00 0.00

15 9
375.00
0 
0 
1.50 
0.00 
0 
0 
0.00 0.00 0.00

15 10
375.00
0 
0 
1.50 
0.00 
0 
0 
0.00 0.00 0.00

16 6
375.00
0 
0 
1.50 
0.00 
0 
0 
0.00 0.00 0.00

16 7
375.00
0 
0 
1.50 
0.00 
0 
0 
0.00 0.00 0.00

16 8
375.00
0 
0 
1.50 
0.00 
0 
0 
0.00 0.00 0.00

16 9
375.00
0 
0 
1.50 
0.00 
0 
0 
0.00 0.00 0.00

16 10
375.00
0 
0 
1.50 
0.00 
0 
0 
0.00 0.00 0.00

17 6
375.00
0 
0 
1.50 
0.00 
0 
0 
0.00 0.00 0.00

17 7
375.00
0 
0 
1.50 
0.00 
0 
0 
0.00 0.00 0.00

17 8
375.00
0 
0 
1.50 
0.00 
0 
0 
0.00 0.00 0.00

17 9
375.00
0 
0 
1.50 
0.00 
0 
0 
0.00 0.00 0.00

17 10
375.00
0 
0 
1.50 
0.00 
0 
0 
0.00 0.00 0.00

14 8
700.00
0 
0 
1.50 
0.00 
0 
0 
0.00 0.00 0.00

15 8
700.00
0 
0 
1.50 
0.00 
0 
0 
0.00 0.00 0.00

17 14
375.00
0 
0 
1.50 
0.00 
0 
0 
0.00 0.00 0.00

17 15
375.00
0 
0 
1.50 
0.00 
0 
0 
0.00 0.00 0.00

16 14
375.00
0 
0 
1.50 
0.00 
0 
0 
0.00 0.00 0.00

16 15
375.00
0 
0 
1.50 
0.00 
0 
0 
0.00 0.00 0.00

15 14
375.00
0 
0 
1.50 
0.00 
0 
0 
0.00 0.00 0.00

15 15
375.00
0 
0 
1.50 
0.00 
0 
0 
0.00 0.00 0.00

13 15
375.00
0 
0 
1.50 
0.00 
0 
0 
0.00 0.00 0.00

11 15
400.00
0 
0 
1.50 
0.00 
0 
0 
0.00 0.00 0.00

9 15
425.00
0 
0 
1.50 
0.00 
0 
0 
0.00 0.00 0.00

9 16
425.00
0 
0 
1.50 
0.00 
0 
0 
0.00 0.00 0.00

8 15
425.00
0 
0 
1.50 
0.00 
0 
0 
0.00 0.00 0.00

8 16
425.00
0 
0 
1.50 
0.00 
0 
0 
0.00 0.00 0.00

6 15
425.00
0 
0 
1.50 
0.00 
0 
0 
0.00 0.00 0.00

6 16
425.00
0 
0 
1.50 
0.00 
0 
0 
0.00 0.00 0.00

5 15
425.00
0 
0 
1.50 
0.00 
0 
0 
0.00 0.00 0.00

5 16
425.00
0 
0 
1.50 
0.00 
0 
0 
0.00 0.00 0.00

4 15
425.00
0 
0 
1.50 
0.00 
0 
0 
0.00 0.00 0.00

4 16
425.00
0 
0 
1.50 
0.00 
0 
0 
0.00 0.00 0.00

3 15
425.00
0 
0 
1.50 
0.00 
0 
0 
0.00 0.00 0.00

3 16
425.00
0 
0 
1.50 
0.00 
0 
0 
0.00 0.00 0.00

2 15
425.00
0 
0 
1.50 
0.00 
0 
0 
0.00 0.00 0.00

2 16
425.00
0 
0 
1.50 
0.00 
0 
0 
0.00 0.00 0.00

2 14
425.00
0 
0 
1.50 
0.00 
0 
0 
0.00 0.00 0.00

5 17
425.00
0 
0 
1.50 
0.00 
0 
0 
0.00 0.00 0.00

3 14
425.00
0 
0 
1.50 
0.00 
0 
0 
0.00 0.00 0.00

4 14
425.00
0 
0 
1.50 
0.00 
0 
0 
0.00 0.00 0.00

4 13
425.00
0 
0 
1.50 
0.00 
0 
0 
0.00 0.00 0.00

3 13
425.00
0 
0 
1.50 
0.00 
0 
0 
0.00 0.00 0.00

2 13
425.00
0 
0 
1.50 
0.00 
0 
0 
0.00 0.00 0.00

4 17
425.00
0 
0 
1.50 
0.00 
0 
0 
0.00 0.00 0.00

5 21
425.00
0 
0 
1.50 
0.00 
0 
0 
0.00 0.00 0.00

4 21
425.00
0 
0 
1.50 
0.00 
0 
0 
0.00 0.00 0.00

8 21
425.00
0 
0 
1.50 
0.00 
0 
0 
0.00 0.00 0.00

8 22
425.00
0 
0 
1.50 
0.00 
0 
0 
0.00 0.00 0.00

9 21
425.00
0 
0 
1.50 
0.00 
0 
0 
0.00 0.00 0.00

9 22
425.00
0 
0 
1.50 
0.00 
0 
0 
0.00 0.00 0.00

10 21
425.00
0 
0 
1.50 
0.00 
0 
0 
0.00 0.00 0.00

10 22
425.00
0 
0 
1.50 
0.00 
0 
0 
0.00 0.00 0.00

10 23
425.00
0 
0 
1.50 
0.00 
0 
0 
0.00 0.00 0.00

11 21
425.00
0 
0 
1.50 
0.00 
0 
0 
0.00 0.00 0.00

11 22
425.00
0 
0 
1.50 
0.00 
0 
0 
0.00 0.00 0.00

11 23
425.00
0 
0 
1.50 
0.00 
0 
0 
0.00 0.00 0.00

12 21
425.00
0 
0 
1.50 
0.00 
0 
0 
0.00 0.00 0.00

12 22
425.00
0 
0 
1.50 
0.00 
0 
0 
0.00 0.00 0.00

12 23
425.00
0 
0 
1.50 
0.00 
0 
0 
0.00 0.00 0.00

13 21
425.00
0 
0 
1.50 
0.00 
0 
0 
0.00 0.00 0.00

13 22
425.00
0 
0 
1.50 
0.00 
0 
0 
0.00 0.00 0.00

13 23
425.00
0 
0 
1.50 
0.00 
0 
0 
0.00 0.00 0.00

14 22
425.00
0 
0 
1.50 
0.00 
0 
0 
0.00 0.00 0.00

14 21
425.00
0 
0 
1.50 
0.00 
0 
0 
0.00 0.00 0.00

15 21
425.00
0 
0 
1.50 
0.00 
0 
0 
0.00 0.00 0.00

23 21
475.00
2 
0 
-0.00 
0.00 
0 
0 
0.00 0.00 0.00

23 22
475.00
2 
0 
-0.00 
0.00 
0 
0 
0.00 0.00 0.00

24 21
475.00
2 
0 
-0.00 
0.00 
0 
0 
0.00 0.00 0.00

24 22
475.00
2 
0 
-0.00 
0.00 
0 
0 
0.00 0.00 0.00

25 21
425.00
0 
0 
1.50 
0.00 
0 
0 
0.00 0.00 0.00

25 22
425.00
0 
0 
1.50 
0.00 
0 
0 
0.00 0.00 0.00

25 23
425.00
0 
0 
1.50 
0.00 
0 
0 
0.00 0.00 0.00

25 24
425.00
0 
0 
1.50 
0.00 
0 
0 
0.00 0.00 0.00

26 21
425.00
0 
0 
1.50 
0.00 
0 
0 
0.00 0.00 0.00

26 22
425.00
0 
0 
1.50 
0.00 
0 
0 
0.00 0.00 0.00

26 23
425.00
0 
0 
1.50 
0.00 
0 
0 
0.00 0.00 0.00

26 24
425.00
0 
0 
1.50 
0.00 
0 
0 
0.00 0.00 0.00

27 21
425.00
0 
0 
1.50 
0.00 
0 
0 
0.00 0.00 0.00

27 22
425.00
0 
0 
1.50 
0.00 
0 
0 
0.00 0.00 0.00

27 23
425.00
0 
0 
1.50 
0.00 
0 
0 
0.00 0.00 0.00

27 24
425.00
0 
0 
1.50 
0.00 
0 
0 
0.00 0.00 0.00

28 21
425.00
0 
0 
1.50 
0.00 
0 
0 
0.00 0.00 0.00

28 22
425.00
0 
0 
1.50 
0.00 
0 
0 
0.00 0.00 0.00

28 23
425.00
0 
0 
1.50 
0.00 
0 
0 
0.00 0.00 0.00

28 24
425.00
0 
0 
1.50 
0.00 
0 
0 
0.00 0.00 0.00

29 21
425.00
0 
0 
1.50 
0.00 
0 
0 
0.00 0.00 0.00

29 22
425.00
0 
0 
1.50 
0.00 
0 
0 
0.00 0.00 0.00

29 23
425.00
0 
0 
1.50 
0.00 
0 
0 
0.00 0.00 0.00

29 24
425.00
0 
0 
1.50 
0.00 
0 
0 
0.00 0.00 0.00

30 21
425.00
0 
0 
1.50 
0.00 
0 
0 
0.00 0.00 0.00

30 22
425.00
0 
0 
1.50 
0.00 
0 
0 
0.00 0.00 0.00

30 23
425.00
0 
0 
1.50 
0.00 
0 
0 
0.00 0.00 0.00

30 24
425.00
0 
0 
1.50 
0.00 
0 
0 
0.00 0.00 0.00

30 25
425.00
0 
0 
1.50 
0.00 
0 
0 
0.00 0.00 0.00

29 25
425.00
0 
0 
1.50 
0.00 
0 
0 
0.00 0.00 0.00

30 26
425.00
0 
0 
1.50 
0.00 
0 
0 
0.00 0.00 0.00

29 26
425.00
0 
0 
1.50 
0.00 
0 
0 
0.00 0.00 0.00

29 27
425.00
0 
0 
1.50 
0.00 
0 
0 
0.00 0.00 0.00

30 27
425.00
0 
0 
1.50 
0.00 
0 
0 
0.00 0.00 0.00

21 29
425.00
0 
0 
1.50 
0.00 
0 
0 
0.00 0.00 0.00

21 30
425.00
0 
0 
1.50 
0.00 
0 
0 
0.00 0.00 0.00

21 31
425.00
0 
0 
1.50 
0.00 
0 
0 
0.00 0.00 0.00

20 31
425.00
0 
0 
1.50 
0.00 
0 
0 
0.00 0.00 0.00

20 30
425.00
0 
0 
1.50 
0.00 
0 
0 
0.00 0.00 0.00

20 29
425.00
0 
0 
1.50 
0.00 
0 
0 
0.00 0.00 0.00

19 29
425.00
0 
0 
1.50 
0.00 
0 
0 
0.00 0.00 0.00

19 30
425.00
0 
0 
1.50 
0.00 
0 
0 
0.00 0.00 0.00

19 31
425.00
0 
0 
1.50 
0.00 
0 
0 
0.00 0.00 0.00

18 30
425.00
0 
0 
1.50 
0.00 
0 
0 
0.00 0.00 0.00

18 31
425.00
0 
0 
1.50 
0.00 
0 
0 
0.00 0.00 0.00

17 30
425.00
0 
0 
1.50 
0.00 
0 
0 
0.00 0.00 0.00

17 31
425.00
0 
0 
1.50 
0.00 
0 
0 
0.00 0.00 0.00

16 30
425.00
0 
0 
1.50 
0.00 
0 
0 
0.00 0.00 0.00

16 31
425.00
0 
0 
1.50 
0.00 
0 
0 
0.00 0.00 0.00

15 30
425.00
0 
0 
1.50 
0.00 
0 
0 
0.00 0.00 0.00

15 31
425.00
0 
0 
1.50 
0.00 
0 
0 
0.00 0.00 0.00

14 30
425.00
0 
0 
1.50 
0.00 
0 
0 
0.00 0.00 0.00

14 31
425.00
0 
0 
1.50 
0.00 
0 
0 
0.00 0.00 0.00

11 9
0.00
3 
1 
-0.00 
0.00 
90 
0 
0.00 5.00 0.00

9 4
-25.00
1 
0 
1.50 
0.00 
0 
0 
0.00 0.00 0.00

8 15
450.00
1 
0 
1.50 
0.00 
0 
0 
0.00 0.00 0.00

8 16
450.00
1 
0 
1.50 
0.00 
0 
0 
0.00 0.00 0.00

5 17
450.00
1 
0 
1.50 
0.00 
0 
0 
0.00 0.00 0.00

4 17
450.00
1 
0 
1.50 
0.00 
0 
0 
0.00 0.00 0.00

6 19
475.00
4 
0 
-0.00 
0.00 
0 
0 
0.00 0.00 0.00

4 22
425.00
0 
0 
1.50 
0.00 
0 
0 
0.00 0.00 0.00

5 22
425.00
0 
0 
1.50 
0.00 
0 
0 
0.00 0.00 0.00

6 21
425.00
0 
0 
1.50 
0.00 
0 
0 
0.00 0.00 0.00

6 22
425.00
0 
0 
1.50 
0.00 
0 
0 
0.00 0.00 0.00

8 22
450.00
1 
0 
1.50 
0.00 
0 
0 
0.00 0.00 0.00

8 21
450.00
1 
0 
1.50 
0.00 
0 
0 
0.00 0.00 0.00

17 21
500.00
3 
0 
0.30 
0.00 
0 
0 
14.00 0.00 0.00

21 21
500.00
3 
0 
0.30 
1.00 
0 
0 
14.00 0.00 0.00

25 27
425.00
0 
2 
1.50 
0.00 
0 
0 
0.00 0.00 0.00

25 27
450.00
1 
2 
1.50 
0.00 
0 
0 
0.00 0.00 0.00

25 29
450.00
1 
2 
1.50 
0.00 
0 
-135 
0.00 0.00 -0.00

25 29
425.00
0 
2 
-0.00 
0.00 
0 
0 
0.00 0.00 0.00

25 25
425.00
0 
0 
1.50 
0.00 
0 
0 
0.00 0.00 0.00

25 31
425.00
0 
2 
-0.00 
0.00 
0 
0 
0.00 0.00 0.00

25 31
450.00
1 
2 
1.50 
0.00 
0 
-90 
0.00 0.00 0.00

23 31
425.00
0 
2 
-0.00 
0.00 
0 
0 
0.00 0.00 0.00

23 31
450.00
1 
2 
1.50 
0.00 
0 
-45 
0.00 0.00 0.00

18 30
450.00
1 
3 
-0.00 
0.00 
0 
0 
0.00 0.00 0.00

18 31
450.00
1 
3 
-0.00 
0.00 
0 
0 
0.00 0.00 0.00

17 30
450.00
1 
3 
-0.00 
0.00 
0 
0 
0.00 0.00 0.00

17 31
450.00
1 
3 
-0.00 
0.00 
0 
0 
0.00 0.00 0.00

19 19
500.00
3 
0 
0.30 
0.50 
0 
0 
14.00 0.00 0.00

19 23
500.00
3 
0 
0.30 
-0.50 
0 
0 
14.00 0.00 0.00

2 1
50.00
8 
0 
0.00 
0.00 
0 
0 
0.00 0.00 0.00

14 38
875.00
7 
0 
0.00 
0.00 
0 
0 
0.00 0.00 0.00

12 21
525.00
6 
0 
0.00 
0.00 
0 
0 
0.00 0.00 0.00

9 6
25.00
5 
1 
0.00 
0.00 
0 
0 
0.00 0.00 0.00

30 27
500.00
5 
2 
0.00 
0.00 
0 
0 
0.00 0.00 0.00

19 29
500.00
5 
3 
0.00 
0.00 
0 
0 
0.00 0.00 0.00

14 33
825.00
0 
0 
0.00 
0.00 
0 
0 
0.00 0.00 0.00

14 34
825.00
0 
0 
0.00 
0.00 
0 
0 
0.00 0.00 0.00

14 35
825.00
0 
0 
0.00 
0.00 
0 
0 
0.00 0.00 0.00

19 21
500.00
9 
0 
0.00 
0.00 
0 
0 
0.00 0.00 0.00

16 11
450.00
10 
0 
0.00 
0.00 
60 
0 
0.00 0.00 15.00

14 32
475.00
10 
3 
0.00 
0.00 
90 
0 
0.00 4.00 0.00

5 18
475.00
10 
0 
0.00 
0.00 
60 
0 
0.00 0.00 15.00

12 0
-50.00
0 
0 
0.00 
0.00 
0 
0 
0.00 0.00 0.00

11 0
-50.00
0 
0 
0.00 
0.00 
0 
0 
0.00 0.00 0.00

10 0
-50.00
0 
0 
0.00 
0.00 
0 
0 
0.00 0.00 0.00

9 0
-50.00
0 
0 
0.00 
0.00 
0 
0 
0.00 0.00 0.00

8 0
-50.00
0 
0 
0.00 
0.00 
0 
0 
0.00 0.00 0.00

7 0
-50.00
0 
0 
0.00 
0.00 
0 
0 
0.00 0.00 0.00

6 0
-50.00
0 
0 
0.00 
0.00 
0 
0 
0.00 0.00 0.00

5 0
-50.00
0 
0 
0.00 
0.00 
0 
0 
0.00 0.00 0.00

4 0
25.00
0 
0 
0.00 
0.00 
0 
0 
0.00 0.00 0.00

4 1
25.00
0 
0 
0.00 
0.00 
0 
0 
0.00 0.00 0.00

4 2
25.00
0 
0 
0.00 
0.00 
0 
0 
0.00 0.00 0.00

0 0
-107374176.00
0 
0 
0.00 
0.00 
0 
0 
0.00 0.00 0.00

10 4
-25.00
1 
0 
0.00 
0.00 
0 
0 
0.00 0.00 0.00

14 36
825.00
0 
0 
0.00 
0.00 
0 
0 
0.00 0.00 0.00

14 37
825.00
0 
0 
0.00 
0.00 
0 
0 
0.00 0.00 0.00

14 38
825.00
0 
0 
0.00 
0.00 
0 
0 
0.00 0.00 0.00

9 8
-50.00
0 
0 
0.00 
0.00 
0 
0 
0.00 0.00 0.00

10 8
-50.00
0 
0 
0.00 
0.00 
0 
0 
0.00 0.00 0.00

10 9
-50.00
0 
0 
0.00 
0.00 
0 
0 
0.00 0.00 0.00

9 9
-50.00
0 
0 
0.00 
0.00 
0 
0 
0.00 0.00 0.00

8 7
-50.00
0 
0 
0.00 
0.00 
0 
0 
0.00 0.00 0.00

8 8
-50.00
0 
0 
0.00 
0.00 
0 
0 
0.00 0.00 0.00

8 9
-50.00
0 
0 
0.00 
0.00 
0 
0 
0.00 0.00 0.00

17 21
50.00
0 
0 
0.00 
0.00 
0 
0 
0.00 0.00 0.00

17 22
50.00
0 
0 
0.00 
0.00 
0 
0 
0.00 0.00 0.00

17 23
125.00
0 
0 
0.00 
0.00 
0 
0 
0.00 0.00 0.00

15 24
0.00
10 
0 
0.00 
0.00 
0 
0 
0.00 0.00 0.00

16 23
200.00
0 
0 
0.00 
0.00 
0 
0 
0.00 0.00 0.00

15 23
275.00
0 
0 
0.00 
0.00 
0 
0 
0.00 0.00 0.00

14 23
350.00
0 
0 
0.00 
0.00 
0 
0 
0.00 0.00 0.00

16 21
50.00
0 
0 
0.00 
0.00 
0 
0 
0.00 0.00 0.00

17 20
50.00
0 
0 
0.00 
0.00 
0 
0 
0.00 0.00 0.00

16 20
50.00
0 
0 
0.00 
0.00 
0 
0 
0.00 0.00 0.00

16 22
50.00
0 
0 
0.00 
0.00 
0 
0 
0.00 0.00 0.00

15 22
50.00
0 
0 
0.00 
0.00 
0 
0 
0.00 0.00 0.00

13 31
425.00
0 
0 
0.00 
0.00 
0 
0 
0.00 0.00 0.00

12 31
425.00
0 
0 
0.00 
0.00 
0 
0 
0.00 0.00 0.00

13 30
425.00
0 
0 
0.00 
0.00 
0 
0 
0.00 0.00 0.00

12 30
425.00
0 
0 
0.00 
0.00 
0 
0 
0.00 0.00 0.00

13 29
425.00
0 
0 
0.00 
0.00 
0 
0 
0.00 0.00 0.00

12 29
425.00
0 
0 
0.00 
0.00 
0 
0 
0.00 0.00 0.00

11 29
425.00
0 
0 
0.00 
0.00 
0 
0 
0.00 0.00 0.00

11 30
425.00
0 
0 
0.00 
0.00 
0 
0 
0.00 0.00 0.00

11 31
425.00
0 
0 
0.00 
0.00 
0 
0 
0.00 0.00 0.00

10 31
425.00
0 
0 
0.00 
0.00 
0 
0 
0.00 0.00 0.00

10 30
425.00
0 
0 
0.00 
0.00 
0 
0 
0.00 0.00 0.00

10 29
425.00
0 
0 
0.00 
0.00 
0 
0 
0.00 0.00 0.00

13 33
825.00
0 
0 
0.00 
0.00 
0 
0 
0.00 0.00 0.00

13 34
825.00
0 
0 
0.00 
0.00 
0 
0 
0.00 0.00 0.00

13 35
825.00
0 
0 
0.00 
0.00 
0 
0 
0.00 0.00 0.00

15 33
825.00
0 
0 
0.00 
0.00 
0 
0 
0.00 0.00 0.00

15 34
825.00
0 
0 
0.00 
0.00 
0 
0 
0.00 0.00 0.00

15 35
825.00
0 
0 
0.00 
0.00 
0 
0 
0.00 0.00 0.00
